[  0.  24.] [ 5. -9.] [ 5. -9.] [ 5. -9.] [ 5. -9.] [ 5. -8.] [ 5. -8.] [ 5. -7.] [ 5. -7.] [ 5. -6.] [ 5. -5.] [ 4. -5.] [ 0.  0.]
[  4.  34.] [  5. -10.] [ 5. -9.] [ 5. -9.] [ 5. -9.] [ 5. -8.] [ 5. -8.] [ 5. -7.] [ 5. -7.] [ 5. -6.] [ 5. -5.] [ 5. -5.] [ 0.  0.]
[  0.  31.] [  6. -10.] [  6. -10.] [ 6. -9.] [ 6. -9.] [ 6. -8.] [ 6. -8.] [ 7. -8.] [ 6. -7.] [ 6. -6.] [ 6. -6.] [ 6. -5.] [ 0.  0.]
[ 6.  3.] [  6. -10.] [  7. -10.] [  7. -10.] [ 7. -9.] [ 7. -8.] [ 7. -8.] [ 7. -7.] [ 7. -7.] [ 10.  -9.] [ 10.  -7.] [ 10.  -8.] [ 0.  0.]
[ 7.  0.] [  7. -10.] [ 7. -9.] [ 7. -9.] [ 7. -9.] [ 7. -8.] [ 7. -8.] [ 12. -13.] [ 12. -12.] [ 12. -11.] [ 12. -10.] [ 12.  -9.] [ 0.  0.]
[ 43.   4.] [  7. -10.] [ 17. -20.] [ 17.  -7.] [ 18. -18.] [ 8. -8.] [ 13. -14.] [ 13. -13.] [ 13. -12.] [ 9. -9.] [ 13. -10.] [ 14. -10.] [ 0.  0.]
[ 18.   0.] [ 18. -22.] [ 18. -22.] [ 19. -21.] [ 19. -21.] [ 19. -20.] [ 19. -19.] [ 14. -13.] [ 9. -7.] [ 16. -13.] [ 16. -11.] [ 16. -10.] [ 0.  0.]
[ 7.  2.] [ 19. -22.] [ 20. -22.] [ 20. -21.] [ 20. -21.] [ 20. -20.] [ 21. -19.] [ 15. -13.] [ 17. -13.] [ 17. -13.] [ 17. -12.] [ 17. -10.] [ 0.  0.]
[ 46.   0.] [ 20. -22.] [ 21. -13.] [ 21. -17.] [ 21. -21.] [ 21. -20.] [ 22. -19.] [ 22. -14.] [ 18. -14.] [ 17. -12.] [ 17. -11.] [ 17. -10.] [ 0.  0.]
[ 23.   1.] [ 21. -22.] [ 22. -22.] [ 22. -23.] [ 22. -21.] [ 22. -20.] [ 22. -19.] [ 17. -14.] [ 18. -14.] [ 17. -13.] [ 17. -11.] [ 17. -10.] [ 0.  0.]
[ 23.   0.] [ 21. -26.] [ 22. -22.] [ 23. -22.] [ 23. -21.] [ 23. -20.] [ 23. -19.] [ 23. -18.] [ 19. -13.] [ 19. -13.] [ 19. -12.] [ 19. -11.] [ 0.  0.]
[ 12.   0.] [ 12. -26.] [ 12. -20.] [  7.  48.] [  2. -16.] [ 12. -17.] [ 11.  24.] [ 12.  -5.] [ 12. -19.] [ 10. -27.] [ 13. -28.] [ 13.   5.] [ 0.  0.]
[ 0.  0.] [ 0.  0.] [ 0.  0.] [ 0.  0.] [ 0.  0.] [ 0.  0.] [ 0.  0.] [ 0.  0.] [ 0.  0.] [ 0.  0.] [ 0.  0.] [ 0.  0.] [ 0.  0.]
