[ 0.  0.] [  0.  13.] [  0.  24.] [  0.  24.] [  0.  40.] [  0.  46.] [  0.  24.] [  0.  25.] [ 0.  3.] [  0.  17.] [  0.  14.] [  0.  47.] [  0.  20.] [ 0.  8.] [  0.  20.] [  0.  38.] [ 0.  7.] [ 0.  8.] [ 0.  9.] [  0.  20.] [ 0.  4.] [  0.  20.] [ 5. -8.] [ 5. -8.] [  0.  27.] [ 5. -8.] [  0.  44.] [  0.  46.] [  0.  30.] [  0.  42.] [  0.  44.] [  0.  40.] [  0.  30.] [  0.  33.] [  0.  39.] [  0.  41.] [ 0.  0.] [  0.  18.] [ 0.  0.] [ 0.  0.] [  0.  27.] [ 4. -5.] [ 4. -5.] [ 4. -5.] [ 0.  1.] [ 0.  0.] [ 0.  0.] [ 0.  1.] [ 0.  0.]
[ 0.  0.] [ 1. -8.] [  8. -10.] [  5. -10.] [  5. -10.] [  5. -10.] [ 2. -9.] [  0.  25.] [ 5. -9.] [ 5. -9.] [ 5. -9.] [ 4. -9.] [ 5. -9.] [ 5. -9.] [ 5. -9.] [ 4. -9.] [ 4. -9.] [ 5. -8.] [ 4. -8.] [ 4. -8.] [ 5. -8.] [ 4. -8.] [ 5. -8.] [ 5. -8.] [ 5. -8.] [ 21. -49.] [ 5. -8.] [ 4. -7.] [ 5. -6.] [ 5. -7.] [ 5. -7.] [ 5. -8.] [ 4. -6.] [  7.  32.] [  7.  34.] [ 4. -6.] [ 4. -6.] [ 5. -2.] [ 3. -2.] [ 1. -9.] [ 4. -5.] [ 5. -5.] [ 5. -5.] [ 5. -5.] [ 5. -5.] [ 4. -4.] [ 5. -3.] [ 4. -4.] [ 0.  0.]
[ 0.  0.] [ 1. -8.] [  7. -10.] [  6. -10.] [  6. -10.] [ 5. -9.] [ 5. -9.] [  8.  25.] [ 5. -9.] [ 5. -9.] [ 5. -9.] [ 5. -9.] [ 5. -9.] [ 5. -9.] [ 6. -9.] [ 6. -9.] [ 5. -8.] [ 5. -9.] [ 5. -9.] [ 5. -8.] [ 6. -8.] [ 6. -8.] [ 4. -8.] [ 4. -8.] [ 5. -8.] [ 5. -8.] [ 5. -7.] [  5.  34.] [ 5. -7.] [ 5. -7.] [ 5. -7.] [ 4. -4.] [ 10. -48.] [  5. -17.] [  9. -28.] [ 5. -6.] [ 5. -6.] [ 5. -6.] [ 5. -6.] [ 10.  -5.] [ 5. -5.] [ 5. -5.] [ 5. -4.] [ 5. -5.] [  6. -37.] [ 5. -3.] [ 4. -6.] [ 5. -5.] [ 0.  0.]
[ 0.  0.] [ 1. -8.] [ 1. -9.] [  5. -10.] [  5. -10.] [ 5. -9.] [ 5. -9.] [  4.  25.] [ 5. -9.] [ 5. -9.] [ 5. -9.] [ 5. -9.] [ 5. -9.] [ 5. -9.] [ 5. -9.] [ 5. -9.] [ 5. -8.] [ 5. -9.] [ 5. -8.] [ 5. -8.] [ 5. -8.] [ 5. -8.] [ 5. -8.] [ 5. -8.] [ 5. -8.] [ 5. -8.] [ 4. -7.] [  1.  45.] [ 5. -7.] [ 5. -7.] [ 5. -7.] [  5.  20.] [ 1. -2.] [ 1. -4.] [  3. -15.] [ 5. -6.] [ 5. -6.] [ 5. -6.] [ 5. -6.] [  4.  15.] [  9.  47.] [  0.  49.] [ 5.  0.] [ 5. -5.] [  5. -10.] [ 6. -1.] [  4. -38.] [  6. -47.] [ 0.  0.]
[ 1.  0.] [ 5. -8.] [  5. -10.] [ 5.  0.] [ 5. -3.] [ 5. -9.] [  5. -10.] [ 5. -7.] [ 5. -9.] [ 5. -8.] [ 5. -9.] [ 5. -9.] [ 5.  7.] [  6. -41.] [ 5. -8.] [ 5. -9.] [ 5. -9.] [ 5. -8.] [ 5. -8.] [ 5. -8.] [ 5. -8.] [ 5. -8.] [ 5. -8.] [ 5. -8.] [ 5. -8.] [  6.  42.] [  6.  49.] [  5. -19.] [ 5. -7.] [ 5. -7.] [ 5. -7.] [ 5. -1.] [ 5. -6.] [ 5. -7.] [ 5. -6.] [ 5. -6.] [ 5. -6.] [ 5. -6.] [ 5. -6.] [ 5. -5.] [ 5. -2.] [  6.  19.] [ 5. -3.] [ 5. -2.] [ 5. -3.] [ 5. -4.] [  4. -23.] [  3. -47.] [ 0.  0.]
[ 10.  31.] [ 43.  25.] [  5. -10.] [  6. -10.] [  5. -10.] [  6. -10.] [  6. -10.] [  5. -10.] [  6. -10.] [ 6. -9.] [ 5. -9.] [ 5. -9.] [  6. -10.] [ 27.  38.] [ 5. -9.] [ 5. -9.] [ 5. -8.] [ 5. -9.] [ 5. -9.] [ 6. -8.] [ 6. -8.] [ 5. -8.] [ 5. -8.] [ 5. -8.] [ 5. -8.] [ 5. -3.] [ 10.  -5.] [ 5. -4.] [ 5. -7.] [ 5. -6.] [ 5. -7.] [ 5. -7.] [ 31.  47.] [ 5. -6.] [ 5. -6.] [ 5. -6.] [ 5. -6.] [ 5. -6.] [ 5. -5.] [ 13. -22.] [ 5. -5.] [ 5. -5.] [ 5.  0.] [ 5. -3.] [ 5. -4.] [ 5. -4.] [ 5. -4.] [ 5. -5.] [ 0.  0.]
[ 47.  42.] [ 29.  29.] [  6. -10.] [  5. -10.] [  5. -10.] [  6. -10.] [  6. -10.] [  7. -10.] [  6. -10.] [ 5. -9.] [ 5. -9.] [ 5. -9.] [ 11.  44.] [ 6. -9.] [  6. -10.] [  6. -11.] [ 6. -9.] [ 6. -9.] [ 18. -11.] [ 6. -9.] [ 10.  -9.] [ 5. -8.] [ 5. -8.] [ 5. -8.] [ 5. -8.] [ 5. -2.] [ 1. -3.] [ 5. -7.] [ 5. -6.] [ 5. -7.] [ 5. -7.] [ 5. -7.] [ 5. -7.] [ 6. -7.] [ 6. -6.] [ 13.  19.] [ 5. -6.] [ 6. -7.] [ 13.  -7.] [ 6. -6.] [ 5. -6.] [ 5. -5.] [ 15. -40.] [ 5. -5.] [ 5. -5.] [ 5. -5.] [ 5. -5.] [ 5. -5.] [ 0.  0.]
[ 38.  36.] [ 23.  14.] [  6. -10.] [  6. -10.] [  6. -10.] [  6. -10.] [  6. -10.] [  6. -10.] [  6. -10.] [  6. -10.] [ 6. -9.] [ 5. -9.] [ 7. -4.] [ 6. -9.] [ 6. -9.] [ 6. -9.] [ 6. -9.] [ 6. -9.] [ 5. -8.] [  5. -13.] [ 21.  -8.] [ 4. -8.] [ 6. -8.] [ 6. -8.] [ 6. -8.] [ 3. -7.] [ 2. -6.] [ 7. -8.] [ 6. -8.] [ 6. -7.] [ 6. -7.] [ 6. -7.] [ 6. -7.] [ 6. -6.] [ 5. -6.] [  2.  10.] [ 2.  4.] [ 3. -2.] [ 4. -3.] [ 4. -6.] [ 5. -6.] [ 5. -5.] [ 6. -6.] [ 6. -5.] [ 5. -5.] [ 5. -5.] [ 5. -4.] [ 5. -4.] [ 0.  0.]
[ 31.  25.] [ 15.  14.] [  6. -10.] [  6. -10.] [  6. -10.] [  6. -10.] [  6. -10.] [  6. -10.] [  6. -10.] [ 6. -9.] [ 6. -9.] [  6. -10.] [ 6. -8.] [  7. -10.] [ 6. -9.] [ 6. -9.] [ 6. -9.] [ 6. -9.] [  6.  47.] [  1. -15.] [ 13.  -8.] [ 6. -8.] [ 6. -8.] [ 6. -8.] [ 6. -8.] [ 1. -4.] [ 6. -8.] [ 4. -7.] [ 5. -7.] [ 7. -8.] [ 6. -7.] [ 4. -6.] [ 4. -6.] [  4. -11.] [ 4. -1.] [ 6. -7.] [ 6. -6.] [ 6.  0.] [ 1. -1.] [ 1. -8.] [ 6. -6.] [ 5. -4.] [ 6. -6.] [ 6. -5.] [ 6. -5.] [ 6. -5.] [ 6. -5.] [ 6. -5.] [ 0.  0.]
[ 31.  25.] [  6.  14.] [  6. -10.] [  6. -10.] [  6. -10.] [  6. -10.] [  6. -10.] [  6. -10.] [  6. -10.] [  6. -10.] [ 6. -9.] [ 6. -9.] [ 6. -9.] [ 6. -9.] [ 6. -9.] [  6. -10.] [ 6. -9.] [ 6. -9.] [ 6. -1.] [  5. -11.] [ 3. -9.] [ 6. -8.] [ 6. -8.] [ 6. -8.] [ 6. -8.] [  5. -11.] [ 6. -8.] [ 6. -8.] [ 5. -7.] [ 6. -7.] [ 7. -8.] [ 7. -8.] [ 6.  2.] [ 6. -7.] [ 6. -7.] [ 6. -7.] [ 6. -6.] [ 6.  0.] [ 4. -2.] [ 4. -9.] [ 6. -6.] [ 6. -6.] [ 6. -6.] [ 6. -5.] [ 6. -5.] [ 6. -5.] [ 6. -5.] [ 6. -6.] [ 0.  0.]
[ 23.  45.] [  4.  27.] [  6. -10.] [  6. -10.] [  6. -10.] [  6. -10.] [  6. -10.] [  6. -10.] [  6. -10.] [  6. -10.] [ 6. -9.] [ 6. -9.] [ 6. -9.] [ 6. -9.] [ 6. -9.] [ 6. -9.] [ 6. -9.] [ 6. -9.] [ 6. -5.] [  6.  35.] [ 6. -9.] [ 7. -9.] [ 6. -8.] [ 6. -8.] [ 6. -9.] [  7.  49.] [ 6. -8.] [ 6. -8.] [ 6. -7.] [ 7. -8.] [ 7. -8.] [  8.  41.] [  6. -10.] [ 6. -7.] [ 5. -6.] [ 6. -7.] [ 6. -6.] [ 6. -6.] [ 6. -5.] [ 6. -8.] [ 6. -6.] [ 6. -6.] [ 6. -5.] [ 7. -5.] [ 6. -5.] [ 6. -3.] [ 6.  3.] [ 6. -2.] [ 0.  0.]
[ 16.  45.] [ 7. -8.] [  6. -10.] [  6. -10.] [  6. -10.] [  6. -10.] [  6. -10.] [  6. -10.] [  6. -12.] [  6. -19.] [  6. -10.] [ 6. -9.] [ 6. -9.] [ 6. -9.] [ 6. -9.] [  6. -11.] [ 6. -9.] [ 6. -9.] [ 6. -7.] [  6. -18.] [  6. -27.] [ 6. -8.] [ 6. -8.] [ 6. -8.] [ 7. -7.] [  7.  32.] [  7.  46.] [ 6. -8.] [ 6. -7.] [ 6. -7.] [ 6. -7.] [ 6. -4.] [ 6. -4.] [ 6. -7.] [ 5. -7.] [ 6. -6.] [ 6. -6.] [ 6. -5.] [ 6. -6.] [ 6. -6.] [ 6. -6.] [ 6. -6.] [ 6. -6.] [ 6. -5.] [ 6. -5.] [  7.  11.] [ 6. -5.] [ 6. -6.] [ 0.  0.]
[  7.  43.] [  4.  42.] [  6. -10.] [  6. -10.] [  7. -10.] [  7. -10.] [ 6. -9.] [ 6. -9.] [ 6.  1.] [ 6. -7.] [  6. -28.] [ 6. -9.] [ 6. -9.] [  6. -10.] [ 6. -8.] [ 7.  0.] [ 7. -9.] [  7. -12.] [ 6.  2.] [  7. -14.] [ 6. -9.] [ 7. -8.] [ 6. -8.] [ 6. -8.] [ 6. -8.] [ 6. -8.] [  7.  37.] [  7.  16.] [ 6. -7.] [  7.  18.] [  7.  12.] [ 7.  4.] [  6. -14.] [ 6. -7.] [ 7. -7.] [ 6. -6.] [ 6. -6.] [ 6. -6.] [ 6. -6.] [ 6. -6.] [ 6. -6.] [ 6. -6.] [ 6. -6.] [ 6. -5.] [ 6. -5.] [ 7.  3.] [ 7.  7.] [  6. -14.] [ 0.  0.]
[ 46.  45.] [ 6.  5.] [ 6. -2.] [  7.  49.] [  7.  43.] [  6. -27.] [  6. -32.] [  6. -28.] [  6. -36.] [  6. -44.] [  7.  49.] [  7.  47.] [  7.  49.] [  7.  42.] [  7.  35.] [  7.  27.] [  7.  19.] [  7.  12.] [  7.  10.] [  8.  49.] [  6. -50.] [ 7. -8.] [ 7. -8.] [ 7. -8.] [ 7. -8.] [  7.  14.] [ 7.  9.] [ 7.  6.] [  6. -31.] [  7.  14.] [ 6. -7.] [  6. -33.] [  6. -33.] [  6. -24.] [ 7. -7.] [ 7. -7.] [  6. -32.] [  6. -12.] [ 6. -6.] [ 6. -6.] [ 6. -6.] [ 6. -8.] [  6. -11.] [ 6. -8.] [ 6. -6.] [  6. -13.] [  6. -19.] [ 6. -3.] [ 0.  0.]
[ 41.  49.] [ 7. -6.] [ 5. -5.] [ 7. -6.] [ 5. -3.] [ 8.  6.] [ 5. -6.] [  5. -18.] [ 5. -8.] [  8. -34.] [  7. -22.] [ 6. -1.] [  7. -47.] [  6. -12.] [  5. -43.] [  5. -44.] [  5. -45.] [  5. -50.] [  5. -14.] [  5. -27.] [  5. -44.] [  6. -18.] [ 7. -8.] [ 7. -8.] [ 7. -8.] [  8. -43.] [ 10.   1.] [  7. -12.] [  7. -13.] [ 7. -7.] [ 7. -7.] [ 7. -7.] [ 9. -3.] [  7.  23.] [ 8.  0.] [ 10.  -9.] [ 10.  -9.] [ 10. -10.] [ 11. -33.] [ 10. -10.] [ 10.  -9.] [ 10.  -4.] [ 35. -18.] [ 34. -26.] [ 11.  -3.] [ 33. -41.] [ 33. -48.] [ 10.  -6.] [ 0.  0.]
[  7.  17.] [ 6. -8.] [ 5. -8.] [ 4. -6.] [ 4. -8.] [ 7. -8.] [ 7. -9.] [ 7. -6.] [  7. -16.] [ 7. -9.] [ 6. -9.] [ 6.  1.] [  6. -26.] [ 6. -9.] [  7. -11.] [  8.  44.] [ 7. -9.] [ 7. -9.] [ 7.  4.] [ 7.  2.] [ 7.  0.] [  8.  32.] [ 7. -8.] [ 7. -8.] [ 7. -8.] [ 7.  0.] [ 7. -4.] [ 7. -8.] [  5.  19.] [  5.  35.] [ 10. -11.] [ 10. -11.] [ 10. -10.] [ 12. -11.] [ 11.  -8.] [ 11.  -9.] [ 12. -12.] [ 12. -10.] [ 11.  -2.] [ 11.   6.] [ 12. -22.] [ 12. -29.] [ 11.  -8.] [ 12. -29.] [ 12. -35.] [ 12. -39.] [ 12.   7.] [ 11. -18.] [ 0.  0.]
[  6.  32.] [ 7. -8.] [ 7. -9.] [ 7. -2.] [ 7. -7.] [  7. -10.] [ 7. -9.] [  7. -11.] [  7. -12.] [  7. -10.] [ 7. -9.] [ 7. -9.] [ 7. -9.] [ 5. -9.] [ 7. -9.] [ 7. -9.] [ 7. -9.] [ 7. -9.] [ 7. -9.] [ 7. -9.] [ 7. -7.] [ 7. -8.] [  7. -10.] [ 7. -8.] [ 7. -8.] [ 7. -8.] [ 7. -9.] [ 12. -14.] [ 12. -12.] [ 12. -12.] [ 10. -12.] [ 12. -14.] [ 12. -15.] [ 12. -16.] [ 12. -16.] [ 12. -13.] [ 12. -11.] [ 12. -11.] [ 13.  47.] [ 12.  44.] [ 13.  45.] [ 12. -10.] [ 12.  -9.] [ 12.  -9.] [ 12.  -8.] [ 12. -11.] [ 12. -19.] [ 11. -19.] [ 0.  0.]
[  9.  49.] [ 7. -8.] [  7. -11.] [  7. -11.] [  7. -10.] [ 7.  3.] [ 7. -4.] [ 7. -9.] [ 7. -9.] [ 7. -9.] [  7. -10.] [  7. -10.] [ 7. -9.] [ 7. -9.] [  6. -11.] [ 7. -9.] [ 7. -9.] [ 7. -9.] [ 7. -9.] [ 7. -9.] [ 9. -9.] [  9. -16.] [  9. -27.] [ 7. -8.] [ 7. -8.] [ 11. -11.] [ 12. -13.] [ 12. -13.] [ 12. -13.] [ 13. -12.] [ 13. -11.] [ 12. -11.] [ 14.  37.] [ 12. -18.] [ 12. -20.] [ 13.  17.] [ 12. -20.] [ 12. -25.] [ 12. -22.] [ 12. -15.] [ 12. -10.] [ 12. -11.] [ 12.  -9.] [ 12. -10.] [ 12.  -9.] [ 12. -10.] [ 13.  -5.] [ 11. -16.] [ 0.  0.]
[ 11.  49.] [ 7. -8.] [  7. -10.] [  7. -10.] [  7. -10.] [  7. -11.] [ 7. -9.] [  8. -11.] [  8. -11.] [ 7. -9.] [ 7. -9.] [  7. -10.] [  6. -11.] [ 7. -9.] [ 7. -9.] [  6. -10.] [ 7. -9.] [ 7. -9.] [ 7. -9.] [ 9. -9.] [ 6. -2.] [  8. -21.] [  8. -25.] [ 7. -8.] [ 7. -8.] [ 13. -14.] [ 13. -14.] [ 13. -13.] [ 12. -13.] [ 13. -13.] [ 13. -12.] [ 12.  -3.] [ 12. -12.] [ 13. -12.] [ 13. -12.] [ 13.  20.] [ 13.   7.] [ 12. -28.] [ 12. -36.] [ 12. -44.] [ 12. -10.] [ 12. -10.] [ 13.   1.] [ 13.  -4.] [ 12.  -9.] [ 13.  -6.] [ 13.  -4.] [ 13.  -5.] [ 0.  0.]
[ 16.  47.] [ 7. -8.] [  7. -10.] [  7. -10.] [  7. -10.] [  7. -10.] [ 7. -9.] [  8. -10.] [ 7. -9.] [ 7. -9.] [  7. -10.] [ 7. -9.] [ 7. -9.] [  6. -10.] [ 9. -8.] [ 7. -9.] [ 7. -9.] [ 7. -9.] [ 8. -9.] [ 7. -9.] [  7. -10.] [ 8. -8.] [  5. -14.] [  8. -18.] [ 13. -14.] [ 13. -14.] [ 13. -14.] [ 13. -13.] [ 13. -13.] [ 13. -13.] [ 13. -13.] [ 13. -12.] [ 13. -13.] [ 13. -12.] [ 13. -11.] [ 14.  22.] [ 13. -48.] [ 13. -13.] [ 13. -11.] [ 14. -10.] [ 14. -10.] [ 13. -10.] [ 13. -10.] [ 13.  -9.] [ 13.  -9.] [ 13.  -9.] [ 13.  -7.] [ 13.  -7.] [ 0.  0.]
[ 37.  11.] [ 7. -8.] [  7. -10.] [  7. -10.] [  7. -10.] [ 8. -9.] [ 7. -9.] [  7. -10.] [  8. -10.] [ 7. -9.] [ 7. -9.] [  7. -10.] [  7. -10.] [ 8. -9.] [ 8. -9.] [ 8. -9.] [ 7. -9.] [  9. -10.] [ 8. -9.] [ 8. -9.] [ 8. -8.] [ 8. -8.] [ 8. -8.] [ 35.  26.] [ 13. -14.] [ 13. -14.] [ 14. -14.] [ 14. -14.] [ 13. -14.] [ 13. -13.] [ 14. -13.] [ 17. -16.] [ 13. -12.] [ 13. -12.] [ 13. -12.] [ 15.   2.] [ 14. -17.] [ 12. -11.] [ 13. -11.] [ 13. -11.] [ 13. -10.] [ 14.  -9.] [ 13. -11.] [ 13.  -9.] [ 13.  -9.] [ 13.  -9.] [ 13.  -8.] [ 12.  -9.] [ 0.  0.]
[ 3.  4.] [ 7. -8.] [  7. -10.] [  7. -10.] [ 7. -9.] [ 8. -9.] [  7. -10.] [  8. -10.] [ 14. -11.] [ 48. -25.] [ 16. -22.] [ 15. -24.] [ 19.  -9.] [ 17. -12.] [ 8. -9.] [ 7. -9.] [ 8. -9.] [ 8. -9.] [ 7. -9.] [ 7. -9.] [ 8. -9.] [ 9. -9.] [ 7. -8.] [ 28.  36.] [  9. -14.] [ 13. -14.] [ 13. -14.] [ 14. -14.] [ 14. -13.] [ 25. -20.] [ 12. -11.] [ 14. -12.] [ 14. -13.] [ 16. -12.] [ 18. -19.] [ 14. -13.] [ 14. -14.] [ 14. -16.] [ 14. -11.] [ 14. -11.] [ 14.  -1.] [ 15.  10.] [ 14.  -5.] [ 14.  -6.] [ 14.  -6.] [ 13. -13.] [ 12. -20.] [ 12. -20.] [ 0.  0.]
[ 9.  9.] [ 7. -8.] [  7. -10.] [  8. -10.] [ 11. -11.] [  7. -10.] [  7. -10.] [  3. -10.] [ 15. -20.] [ 17. -21.] [ 17. -20.] [ 17. -21.] [ 17. -19.] [ 17. -19.] [ 18. -23.] [ 18.  -4.] [ 18. -13.] [ 18. -19.] [ 18. -23.] [ 14.  -3.] [ 16. -11.] [ 18. -20.] [ 19. -13.] [ 18. -19.] [ 19. -20.] [ 18. -19.] [ 14. -14.] [ 11. -13.] [ 13. -14.] [ 13. -12.] [ 13. -12.] [ 24.  41.] [  0.  49.] [ 9. -3.] [ 25.  -8.] [ 25.  -6.] [ 49.  -1.] [ 17.  42.] [ 15.  28.] [ 21.  43.] [ 16.  21.] [ 16.  16.] [ 15.   6.] [ 14.  -6.] [ 14.  -6.] [ 13. -14.] [ 14.  -7.] [ 14.  -8.] [ 0.  0.]
[ 46.  12.] [ 8. -8.] [  8. -16.] [ 17.  -8.] [ 17. -11.] [ 17. -19.] [ 35.  48.] [ 17. -21.] [ 18. -17.] [ 18. -18.] [ 18. -21.] [ 18. -22.] [ 18. -21.] [ 18. -20.] [ 19.  -7.] [ 18. -27.] [ 19.  -3.] [ 19. -20.] [ 18. -39.] [ 19. -20.] [ 19. -20.] [ 18. -20.] [ 18. -21.] [ 19. -20.] [ 19. -19.] [ 20. -18.] [ 14. -14.] [ 14. -14.] [ 14. -12.] [ 12.  -8.] [ 14. -11.] [ 11. -15.] [ 17. -15.] [ 8. -4.] [  9. -10.] [ 9. -8.] [ 9.  2.] [ 10.  10.] [ 11.  13.] [ 35. -44.] [ 15. -11.] [ 15. -11.] [ 15. -11.] [ 15. -10.] [ 15. -10.] [ 17.  -5.] [ 11. -17.] [ 13. -21.] [ 0.  0.]
[ 18.   0.] [ 19.  -6.] [ 19. -15.] [ 18. -24.] [ 19. -27.] [ 18. -22.] [ 18. -22.] [ 18. -22.] [ 18. -22.] [ 18. -22.] [ 18. -24.] [ 18. -21.] [ 19. -22.] [ 18. -22.] [ 19. -11.] [ 18. -31.] [ 19. -21.] [ 19. -21.] [ 19. -20.] [ 19. -20.] [ 19. -20.] [ 19. -20.] [ 19. -20.] [ 19. -19.] [ 19. -19.] [ 18. -19.] [  6. -22.] [ 13. -14.] [ 13. -14.] [ 14. -12.] [ 14. -12.] [ 14. -12.] [ 4. -5.] [ 6. -2.] [ 8. -5.] [ 8. -1.] [ 15. -11.] [ 15. -12.] [ 16. -12.] [ 16. -12.] [ 16. -11.] [ 16. -11.] [ 16. -11.] [ 15. -12.] [ 15. -10.] [ 16.  -8.] [ 15. -10.] [ 16.  -8.] [ 0.  0.]
[ 12.   7.] [ 18.  -3.] [ 16.  47.] [ 18. -22.] [ 18. -22.] [ 18. -22.] [ 18. -22.] [ 18. -22.] [ 19. -22.] [ 19. -23.] [ 19. -23.] [ 19. -22.] [ 19. -21.] [ 19. -21.] [ 19. -21.] [ 19. -21.] [ 19. -21.] [ 19. -21.] [ 19. -21.] [ 19. -20.] [ 19. -20.] [ 19. -20.] [ 19. -20.] [ 19. -19.] [ 19. -19.] [ 19. -19.] [ 20. -18.] [ 14. -14.] [ 14. -12.] [ 14. -17.] [ 14. -25.] [ 16. -13.] [ 4.  0.] [ 6. -2.] [ 15. -12.] [ 16. -13.] [ 16. -13.] [ 16. -12.] [ 16. -12.] [ 16. -12.] [ 16. -12.] [ 16. -11.] [ 16. -11.] [ 16. -10.] [ 16. -10.] [ 16. -10.] [ 16. -10.] [ 16.  -9.] [ 0.  0.]
[ 16.   0.] [ 22.  -1.] [ 26. -11.] [ 19. -21.] [ 18. -22.] [ 18. -22.] [ 18. -22.] [ 26. -23.] [ 19. -22.] [ 19. -22.] [ 20. -21.] [ 19. -22.] [ 19. -21.] [ 18. -21.] [ 19. -21.] [ 19. -21.] [ 19. -21.] [ 19. -21.] [ 19. -21.] [ 19. -20.] [ 20. -21.] [ 20. -20.] [ 20. -19.] [ 19. -20.] [ 20. -19.] [ 20. -19.] [ 20. -19.] [ 14. -14.] [ 15. -13.] [ 15. -13.] [ 15. -13.] [ 16. -13.] [ 10.  -8.] [ 13. -11.] [ 16. -13.] [ 16. -13.] [ 16. -13.] [ 16. -12.] [ 17. -12.] [ 16. -12.] [ 16. -12.] [ 16. -11.] [ 16. -11.] [ 17. -11.] [ 16. -10.] [ 16. -10.] [ 16. -10.] [ 16. -10.] [ 0.  0.]
[ 15.   3.] [ 10.   8.] [ 1.  5.] [ 18. -19.] [ 18. -22.] [ 19. -22.] [ 10. -21.] [ 19. -22.] [ 18. -22.] [ 20. -21.] [ 19. -22.] [ 20. -22.] [ 19. -21.] [ 19. -21.] [ 19. -21.] [ 19. -21.] [ 19. -21.] [ 20. -15.] [ 20. -20.] [ 20. -20.] [ 20. -20.] [ 20. -20.] [ 20. -20.] [ 19. -20.] [ 20. -19.] [ 20. -19.] [ 20. -19.] [ 11. -15.] [ 15. -13.] [ 15. -13.] [ 22. -17.] [ 3. -3.] [ 14. -12.] [ 3.  0.] [ 17. -13.] [ 17. -13.] [ 16. -13.] [ 17. -13.] [ 44. -31.] [ 16. -12.] [ 16. -12.] [ 16. -11.] [ 16. -11.] [ 16. -11.] [ 16. -10.] [ 15. -10.] [ 17. -10.] [ 16. -10.] [ 0.  0.]
[  4.  17.] [ 18.  -7.] [ 12.   2.] [ 18. -22.] [ 18. -22.] [ 19. -22.] [  1. -20.] [ 19. -22.] [ 18. -22.] [ 16. -21.] [ 20. -22.] [ 19. -22.] [ 20. -20.] [ 20. -21.] [ 18. -21.] [ 18. -21.] [ 20. -21.] [ 20. -21.] [ 20. -21.] [ 20. -20.] [ 19. -21.] [ 20. -20.] [ 20. -20.] [ 21. -20.] [ 20. -19.] [ 20. -18.] [ 20. -19.] [ 19. -19.] [ 15. -14.] [ 15. -13.] [ 8. -9.] [ 11.  -8.] [ 16. -13.] [ 16. -13.] [ 17. -13.] [ 17. -13.] [ 17. -14.] [ 17. -12.] [ 16. -12.] [ 18. -16.] [ 18. -16.] [ 18. -21.] [ 17. -11.] [ 14. -18.] [ 14. -17.] [ 16. -10.] [ 17. -10.] [ 17. -10.] [ 0.  0.]
[ 16.  35.] [ 18.  12.] [ 1.  2.] [ 20. -24.] [ 18. -22.] [ 19. -23.] [ 17. -22.] [ 20. -22.] [ 20. -21.] [ 20. -22.] [ 20. -22.] [ 20. -22.] [ 20. -21.] [ 20. -21.] [ 19. -21.] [ 20. -22.] [ 20. -21.] [ 20. -21.] [ 20. -21.] [ 18. -22.] [ 20. -21.] [ 20. -21.] [ 21. -21.] [ 21. -20.] [ 21. -19.] [ 21. -19.] [ 19. -19.] [ 19. -19.] [ 15. -14.] [ 13. -12.] [ 29.  -9.] [ 24. -17.] [ 17. -14.] [ 17. -14.] [ 16. -13.] [ 17. -13.] [ 17. -13.] [ 17. -13.] [ 18. -14.] [ 19. -16.] [ 17. -12.] [ 17. -13.] [ 17.  -9.] [ 17. -10.] [ 17. -10.] [  9. -29.] [  4. -50.] [ 17. -10.] [ 0.  0.]
[ 15.  28.] [ 18.  45.] [  6. -16.] [ 19. -23.] [ 20. -23.] [ 20. -22.] [ 20. -22.] [ 20. -22.] [ 20. -21.] [ 20. -20.] [ 20. -22.] [ 20. -24.] [ 20. -20.] [ 20. -22.] [ 20. -22.] [ 20. -26.] [ 20. -27.] [ 20. -29.] [ 20. -31.] [ 20. -20.] [ 20. -20.] [ 21. -20.] [ 21. -20.] [ 25. -16.] [ 21. -19.] [ 21. -19.] [ 15. -20.] [ 20. -19.] [ 16. -14.] [ 48. -23.] [ 37.  32.] [ 18. -14.] [ 17. -14.] [ 17. -13.] [ 17. -13.] [ 17. -13.] [ 17. -13.] [ 19. -14.] [ 16. -11.] [ 17. -12.] [ 16. -11.] [ 16.  -8.] [ 17.  -8.] [ 16. -13.] [ 17. -10.] [ 17. -10.] [ 18. -10.] [ 17. -10.] [ 0.  0.]
[ 21.   3.] [ 21.  -4.] [ 20. -16.] [ 20. -20.] [ 20. -23.] [ 20. -23.] [ 21. -10.] [ 20. -22.] [ 20. -23.] [ 20. -24.] [ 20. -25.] [ 20. -26.] [ 21. -12.] [ 21. -12.] [ 21. -15.] [ 21. -16.] [ 21. -16.] [ 21. -18.] [ 21. -21.] [ 21. -21.] [ 21. -20.] [ 21. -20.] [ 21. -20.] [ 21. -20.] [ 21. -19.] [ 21. -19.] [ 21. -21.] [ 21. -18.] [ 15.  44.] [ 36. -13.] [ 1. -7.] [ 17. -14.] [ 17. -14.] [ 17. -13.] [ 17. -13.] [ 17. -13.] [ 17. -13.] [ 17. -12.] [ 18. -13.] [ 16. -11.] [ 48.  27.] [ 16. -10.] [ 16. -10.] [ 16. -10.] [ 16. -10.] [ 18.  -9.] [ 17. -10.] [  9. -17.] [ 0.  0.]
[ 23.  26.] [ 33.  -2.] [ 30.  20.] [ 20. -23.] [ 49. -23.] [ 20. -22.] [ 23.  24.] [ 21. -11.] [ 22.   8.] [ 20. -28.] [ 20. -30.] [ 21. -14.] [ 20. -30.] [ 21. -15.] [ 22.   1.] [ 21. -21.] [ 21. -23.] [ 21. -25.] [ 21. -26.] [ 21. -21.] [ 21. -20.] [ 21. -20.] [ 21. -25.] [ 21. -31.] [ 21. -18.] [ 21. -37.] [ 22. -18.] [ 22. -18.] [ 22. -18.] [ 2. -9.] [ 12. -11.] [ 18. -14.] [ 17. -14.] [ 18. -14.] [ 18. -14.] [ 17. -12.] [ 18. -13.] [ 17. -12.] [ 16. -12.] [ 16. -11.] [ 16. -10.] [ 17. -11.] [ 17. -10.] [ 12. -38.] [ 17. -10.] [ 16. -10.] [ 21.  -8.] [ 19.  -9.] [ 0.  0.]
[ 23.  48.] [ 14.  10.] [ 21. -16.] [ 23. -22.] [ 12. -22.] [ 20. -22.] [ 20. -24.] [ 20. -24.] [ 20. -27.] [ 20. -30.] [ 20. -31.] [ 22.  -4.] [ 21. -20.] [ 22.   1.] [ 21. -20.] [ 21. -22.] [ 21. -22.] [ 21. -25.] [ 20. -49.] [ 22.  -4.] [ 23.  21.] [ 22. -12.] [ 22. -15.] [ 22. -16.] [ 22. -17.] [ 22. -16.] [ 22. -19.] [ 22. -18.] [ 22. -18.] [ 23. -14.] [ 35.  29.] [ 18. -14.] [ 18. -14.] [ 42.   5.] [ 19. -10.] [ 17. -13.] [ 16. -12.] [ 17. -12.] [ 17. -11.] [ 17. -11.] [ 17. -11.] [ 17. -10.] [ 17. -10.] [ 17. -10.] [ 18.  -9.] [ 20.  -8.] [ 19.  -9.] [ 16. -10.] [ 0.  0.]
[ 0.  6.] [ 40.  46.] [ 24. -14.] [ 20. -22.] [ 20. -22.] [ 20. -22.] [ 20. -23.] [ 21. -22.] [ 33. -23.] [ 37. -32.] [ 21. -22.] [ 21. -22.] [ 21. -22.] [ 21. -25.] [ 21. -28.] [ 22. -13.] [ 22. -15.] [ 22. -18.] [ 22. -18.] [ 21. -24.] [ 22. -21.] [ 21. -35.] [ 22. -20.] [ 22. -19.] [ 22. -19.] [ 22. -19.] [ 22. -19.] [ 22. -18.] [ 22. -18.] [ 39. -26.] [ 25.  29.] [ 18. -14.] [ 18. -14.] [ 18. -14.] [ 18. -13.] [ 18. -13.] [ 15. -12.] [ 17. -12.] [ 17. -11.] [ 17. -11.] [ 17. -11.] [ 18. -11.] [ 17. -11.] [ 17. -10.] [ 17. -10.] [ 17.  -9.] [ 16. -10.] [ 15. -10.] [ 0.  0.]
[ 39.  49.] [ 35.  46.] [ 19. -15.] [ 19. -24.] [ 21. -22.] [ 21. -22.] [ 21. -22.] [ 21. -22.] [ 21. -22.] [ 21. -22.] [ 21. -21.] [ 21. -21.] [ 21. -20.] [ 22.  -9.] [ 22. -13.] [ 22. -21.] [ 22. -13.] [ 22. -18.] [ 22. -19.] [ 22. -20.] [ 22. -20.] [ 22. -20.] [ 22. -20.] [ 22. -19.] [ 22. -19.] [ 22. -19.] [ 22. -19.] [ 23. -19.] [ 31. -18.] [ 17. -13.] [  5. -14.] [ 18. -14.] [ 18. -14.] [ 18. -13.] [ 18. -13.] [ 18. -13.] [ 25. -12.] [ 17. -12.] [ 17. -11.] [ 17. -11.] [ 18. -11.] [ 18. -11.] [ 18. -11.] [ 17. -10.] [ 17. -10.] [ 16.  -9.] [ 18. -10.] [ 21. -10.] [ 0.  0.]
[ 26.  49.] [ 31.   0.] [ 15. -16.] [ 23. -23.] [ 21. -22.] [ 21. -22.] [ 21. -22.] [ 21. -22.] [ 21. -22.] [ 22. -22.] [ 21. -21.] [ 21. -21.] [ 22. -24.] [ 22. -15.] [ 22. -14.] [ 22. -16.] [ 21. -39.] [ 22. -21.] [ 22. -22.] [ 22. -21.] [ 22. -20.] [ 22. -20.] [ 19. -22.] [ 20. -19.] [ 22. -19.] [ 22. -19.] [ 22. -19.] [ 15. -19.] [ 18. -19.] [ 19. -14.] [  6. -14.] [ 18. -14.] [ 18. -14.] [ 19. -14.] [ 18. -13.] [ 19. -12.] [ 16. -13.] [ 16.  -9.] [ 17. -11.] [ 17. -12.] [ 17. -11.] [ 18. -11.] [ 18. -11.] [ 17. -10.] [ 17. -10.] [ 17.  -9.] [ 18. -10.] [ 15.  -9.] [ 0.  0.]
[ 23.   2.] [ 22.  -8.] [ 21. -16.] [ 21. -21.] [ 21. -22.] [ 21. -22.] [ 21. -22.] [ 24. -19.] [ 21. -22.] [ 22. -22.] [ 22. -22.] [ 19. -19.] [ 22. -19.] [ 17. -18.] [ 21. -22.] [ 21.  -2.] [ 20. -27.] [ 21. -13.] [ 21. -24.] [ 23. -20.] [ 23. -20.] [ 22. -21.] [ 23. -20.] [ 24.  -7.] [ 18. -32.] [ 20. -16.] [ 20. -19.] [ 12. -18.] [ 11. -19.] [ 29. -15.] [ 13. -14.] [ 18. -14.] [ 18. -14.] [ 20.  32.] [ 32.  -7.] [ 18. -15.] [ 17. -13.] [ 16. -13.] [ 17. -11.] [ 17. -11.] [ 17. -11.] [ 18. -11.] [ 13. -39.] [ 18. -10.] [ 17. -10.] [ 17.  -9.] [ 16.  -9.] [ 19. -10.] [ 0.  0.]
[ 23.   0.] [ 21.  -8.] [ 21. -16.] [ 20. -24.] [ 21. -22.] [ 21. -23.] [ 22. -14.] [ 21. -24.] [ 21. -22.] [ 21. -22.] [ 22. -22.] [ 15. -19.] [ 14. -18.] [ 14.  -7.] [ 16. -14.] [ 18. -19.] [ 19. -27.] [ 25.  -4.] [ 22. -10.] [ 17. -23.] [ 23. -20.] [ 22. -20.] [ 23. -20.] [ 22. -20.] [ 21. -26.] [ 19. -37.] [ 17. -19.] [ 23. -19.] [ 23. -18.] [ 26. -17.] [ 19. -13.] [ 18. -14.] [ 19. -14.] [ 19. -14.] [ 19. -13.] [ 20. -12.] [ 21. -11.] [ 19. -12.] [ 17. -12.] [ 17. -11.] [ 19. -11.] [ 17. -11.] [ 13. -38.] [ 17. -10.] [ 18. -10.] [ 19. -11.] [ 20. -11.] [ 19. -10.] [ 0.  0.]
[ 23.   0.] [ 23.  -1.] [ 22. -12.] [ 21. -23.] [ 21. -25.] [ 21. -26.] [ 21. -27.] [ 20. -40.] [ 20. -42.] [ 22. -22.] [ 22. -22.] [ 20. -19.] [  3. -18.] [ 24. -11.] [ 23. -22.] [ 23. -22.] [ 41.  11.] [ 39.   0.] [ 12. -40.] [ 19. -17.] [ 18. -21.] [ 23. -20.] [ 23. -20.] [ 23. -14.] [ 23. -20.] [ 23. -20.] [ 23. -19.] [ 23. -19.] [ 23. -18.] [ 23. -18.] [ 16. -14.] [ 18. -14.] [ 18. -14.] [ 18. -14.] [ 18. -11.] [ 19. -13.] [ 28.  -5.] [ 19. -12.] [ 18. -13.] [ 18. -12.] [ 18. -11.] [ 18. -11.] [ 18. -10.] [ 18. -10.] [ 19. -11.] [ 20. -12.] [ 20. -11.] [ 19. -10.] [ 0.  0.]
[ 27.  40.] [ 27.  36.] [ 22. -15.] [ 23. -19.] [ 23.  -8.] [ 23. -10.] [ 22. -22.] [ 21. -38.] [ 20. -41.] [ 22. -22.] [ 21. -21.] [ 23. -22.] [ 23. -22.] [ 23. -22.] [ 23. -22.] [ 23. -22.] [ 23. -22.] [ 23. -21.] [ 23. -21.] [ 23. -18.] [  8. -24.] [ 23. -20.] [ 23. -22.] [ 23. -22.] [ 23. -26.] [ 23. -28.] [ 22. -48.] [ 24. -19.] [ 24. -18.] [ 24. -19.] [ 41. -11.] [ 20. -12.] [ 19. -14.] [ 19. -14.] [ 19. -13.] [ 19. -13.] [ 19. -13.] [ 19. -12.] [ 19. -12.] [ 19. -12.] [ 19. -11.] [ 19. -10.] [ 19. -12.] [ 19. -11.] [ 19. -11.] [ 21. -14.] [ 19. -10.] [ 19. -10.] [ 0.  0.]
[ 27.  48.] [ 23.  -2.] [ 24.   4.] [ 23.   0.] [ 22. -11.] [ 21. -24.] [ 22. -16.] [ 21. -20.] [ 21. -30.] [ 22. -22.] [ 23. -22.] [ 23. -22.] [ 23. -22.] [ 23. -22.] [ 23. -22.] [ 23. -22.] [ 24. -22.] [ 23. -22.] [ 23. -21.] [ 24. -21.] [  4. -26.] [ 23. -20.] [ 24.   1.] [ 23. -15.] [ 23. -19.] [ 23. -28.] [ 24. -22.] [ 23. -20.] [ 23. -17.] [ 23. -18.] [ 31. -14.] [ 18. -13.] [ 18. -14.] [ 20. -13.] [ 19. -13.] [ 19. -13.] [ 20. -14.] [ 19. -13.] [ 19. -12.] [ 19. -13.] [ 19. -12.] [ 19. -11.] [ 19. -12.] [ 19. -12.] [ 19. -11.] [ 19. -10.] [ 19. -10.] [ 18. -11.] [ 0.  0.]
[ 17.   2.] [ 19.  16.] [ 20.  12.] [ 21. -10.] [ 25.  -7.] [ 24. -12.] [ 23. -10.] [ 20. -43.] [ 19. -22.] [ 19. -20.] [ 22. -22.] [ 11.  47.] [ 23. -22.] [ 23. -20.] [ 24. -16.] [ 23. -23.] [ 24. -21.] [ 24. -21.] [ 24. -21.] [ 24. -20.] [ 23. -19.] [ 24. -18.] [ 23. -19.] [ 23. -19.] [ 23. -19.] [ 23. -16.] [ 24. -23.] [ 23. -13.] [ 23. -16.] [ 15. -12.] [ 15. -10.] [ 27.  -7.] [ 18. -13.] [ 19. -13.] [ 19. -13.] [ 19. -13.] [ 17. -10.] [ 17.  42.] [ 19. -12.] [ 20. -12.] [ 19. -13.] [ 19. -16.] [  5.  14.] [ 21. -36.] [ 18. -11.] [ 21. -10.] [ 19. -11.] [ 20. -10.] [ 0.  0.]
[ 16.  37.] [ 16.  20.] [ 19.  14.] [ 21.   4.] [ 23. -29.] [ 19. -24.] [ 16. -31.] [ 16. -43.] [ 14. -43.] [ 23. -22.] [ 16. -19.] [ 25. -23.] [ 23. -21.] [ 23. -21.] [ 23. -22.] [ 24. -21.] [ 24. -21.] [ 24. -21.] [ 23. -19.] [ 24. -20.] [ 24. -21.] [ 24. -16.] [ 21. -17.] [ 18. -14.] [ 18. -14.] [ 18. -14.] [ 17. -18.] [ 20. -19.] [ 14.  -4.] [ 15. -11.] [ 16. -10.] [ 16. -10.] [ 20. -11.] [ 17. -14.] [ 19. -14.] [ 19. -13.] [ 19. -13.] [ 19. -13.] [ 19. -12.] [  3. -39.] [ 20. -12.] [ 22. -12.] [ 20. -11.] [ 19. -11.] [ 16. -11.] [ 20. -11.] [ 20. -11.] [ 20. -10.] [ 0.  0.]
[ 23.   2.] [  1.  16.] [ 23.   5.] [ 22.  -1.] [ 23.   1.] [ 23.  -8.] [ 21. -17.] [ 21. -22.] [ 21. -21.] [  9. -17.] [ 16. -20.] [ 23. -22.] [ 24. -22.] [ 24. -22.] [ 24. -22.] [ 24. -21.] [ 24. -21.] [ 24. -21.] [ 24. -21.] [ 24. -21.] [ 23. -21.] [ 23. -18.] [ 17. -13.] [ 17. -13.] [ 17. -12.] [ 17. -10.] [ 17. -11.] [ 17. -11.] [ 17.  -8.] [ 17. -10.] [ 17. -11.] [ 17. -12.] [ 18. -14.] [ 17. -12.] [ 19. -12.] [ 19. -13.] [ 20. -12.] [ 20. -13.] [ 20. -11.] [ 20. -12.] [ 20. -12.] [ 20. -12.] [ 20. -11.] [ 20. -11.] [ 20. -11.] [ 20. -11.] [ 20. -10.] [ 20. -10.] [ 0.  0.]
[ 16.   0.] [ 16.  -8.] [ 16.  -8.] [ 16.  -3.] [  1. -29.] [ 10.  -1.] [  6. -37.] [ 13. -45.] [  1. -36.] [ 10. -21.] [  5. -20.] [ 16. -20.] [ 8. -7.] [ 9. -4.] [ 16.  14.] [ 16.   3.] [  6. -35.] [ 13. -26.] [ 16. -24.] [  3. -27.] [ 12. -24.] [ 4. -9.] [ 16. -16.] [ 16. -19.] [ 16. -19.] [ 16. -24.] [ 16. -18.] [ 16. -17.] [ 16. -14.] [ 16. -13.] [ 16. -17.] [ 16. -14.] [ 16. -14.] [ 16. -11.] [ 16. -11.] [ 16. -15.] [ 10. -22.] [ 12.  21.] [ 12. -26.] [ 13. -28.] [ 14. -28.] [ 10. -45.] [ 15.   4.] [ 14. -37.] [ 13.   5.] [ 12.   6.] [  6. -29.] [ 16.  -8.] [ 0.  0.]
[ 8.  0.] [ 8. -8.] [  8. -16.] [  8. -23.] [  6. -32.] [  5. -16.] [  3. -38.] [  4. -22.] [  2. -30.] [  1. -20.] [  8.  47.] [  8.  31.] [  8.  11.] [  2. -17.] [  5. -36.] [ 6. -2.] [  4. -23.] [ 7. -6.] [  8. -12.] [  1. -23.] [  2. -11.] [  8. -14.] [  8. -18.] [  8. -23.] [  8. -30.] [  8.  48.] [  8.  32.] [  8.  11.] [ 8. -8.] [  1. -41.] [  1. -50.] [  1. -50.] [  1. -49.] [  8. -42.] [  1. -16.] [  1. -21.] [  6.  26.] [  0.  18.] [  5.  11.] [ 4.  3.] [  8.  36.] [  5. -16.] [  9.  21.] [  5. -32.] [  6. -37.] [  6. -45.] [ 3.  3.] [ 3.  1.] [ 0.  0.]
[  0.  33.] [  0.  11.] [ 0.  5.] [ 0.  0.] [ 0.  0.] [ 0.  0.] [  1. -13.] [  1. -22.] [  1. -25.] [  1. -26.] [  1. -47.] [  1.  29.] [  0.  21.] [ 0.  2.] [  1. -37.] [  1. -41.] [  1. -19.] [  1. -26.] [  1. -10.] [  1. -13.] [  1. -23.] [  1. -13.] [  1. -16.] [  1. -22.] [  0.  49.] [  0.  40.] [ 0.  4.] [ 0.  0.] [ 0.  0.] [  1. -16.] [  0.  49.] [  0.  47.] [  0.  39.] [  0.  31.] [  0.  19.] [  0.  24.] [  0.  17.] [  0.  10.] [ 0.  2.] [ 1. -5.] [  1. -12.] [  1. -20.] [  1. -28.] [  1. -37.] [  1. -45.] [  1. -36.] [  1. -26.] [  1. -34.] [ 0.  0.]
[ 0.  0.] [ 0.  0.] [ 0.  0.] [ 0.  0.] [ 0.  0.] [ 0.  0.] [ 0.  0.] [ 0.  0.] [ 0.  0.] [ 0.  0.] [ 0.  0.] [ 0.  0.] [ 0.  0.] [ 0.  0.] [ 0.  0.] [ 0.  0.] [ 0.  0.] [ 0.  0.] [ 0.  0.] [ 0.  0.] [ 0.  0.] [ 0.  0.] [ 0.  0.] [ 0.  0.] [ 0.  0.] [ 0.  0.] [ 0.  0.] [ 0.  0.] [ 0.  0.] [ 0.  0.] [ 0.  0.] [ 0.  0.] [ 0.  0.] [ 0.  0.] [ 0.  0.] [ 0.  0.] [ 0.  0.] [ 0.  0.] [ 0.  0.] [ 0.  0.] [ 0.  0.] [ 0.  0.] [ 0.  0.] [ 0.  0.] [ 0.  0.] [ 0.  0.] [ 0.  0.] [ 0.  0.] [ 0.  0.]
