[  0.  24.] [  0.  24.] [  5. -10.] [  0.  24.] [  0.  24.] [ 5. -9.] [ 5. -9.] [ 5. -9.] [ 0.  7.] [ 0.  8.] [ 4. -8.] [ 4. -8.] [ 5. -8.] [ 5. -8.] [ 0.  4.] [ 5. -7.] [ 5. -7.] [ 5. -7.] [  0.  24.] [ 0.  2.] [ 0.  0.] [ 0.  0.] [ 4. -5.] [ 5. -5.] [ 4. -4.] [ 0.  0.]
[  1.  20.] [  6. -10.] [ 5. -9.] [ 5. -9.] [ 5. -9.] [ 5. -9.] [ 5. -9.] [ 5. -9.] [ 5. -9.] [ 5. -9.] [ 5. -8.] [ 5. -8.] [ 5. -8.] [ 5. -8.] [ 5. -7.] [ 5. -7.] [ 5. -7.] [ 2. -2.] [ 5. -6.] [ 5. -6.] [ 5. -6.] [ 5. -5.] [ 5. -5.] [ 4. -5.] [ 4. -6.] [ 0.  0.]
[ 0.  0.] [  5. -10.] [ 5. -9.] [  5. -10.] [ 5. -9.] [ 5. -9.] [ 5. -9.] [ 5. -9.] [ 5. -9.] [ 5. -9.] [ 5. -8.] [ 5. -8.] [ 5. -8.] [ 5. -8.] [ 5. -5.] [ 5. -7.] [ 5. -7.] [ 5. -6.] [ 5. -6.] [ 5. -6.] [ 5. -6.] [ 5. -5.] [ 5. -2.] [ 5. -3.] [ 5. -3.] [ 0.  0.]
[  9.  16.] [  6. -10.] [  6. -10.] [  6. -10.] [  6. -10.] [ 5. -9.] [ 5. -9.] [ 6. -9.] [ 6. -9.] [ 6. -9.] [ 15.  -9.] [ 5. -8.] [ 5. -8.] [ 5. -8.] [ 5. -7.] [ 5. -7.] [ 5. -7.] [ 5. -7.] [ 5. -6.] [ 5. -6.] [ 5. -6.] [ 5. -6.] [ 5. -5.] [ 5. -5.] [ 5. -5.] [ 0.  0.]
[ 18.  13.] [  6. -10.] [  6. -10.] [  6. -10.] [  6. -10.] [ 6. -9.] [  6. -10.] [ 6. -9.] [ 6. -9.] [ 6. -9.] [ 5. -9.] [ 6. -8.] [ 6. -8.] [ 6. -8.] [ 6. -8.] [ 5. -7.] [ 6. -7.] [ 6. -7.] [ 6. -7.] [ 6. -6.] [ 1. -2.] [ 6. -6.] [ 6. -6.] [ 6. -5.] [ 6. -5.] [ 0.  0.]
[ 23.  24.] [  6. -10.] [  6. -10.] [  6. -10.] [  6. -10.] [ 6. -9.] [ 6. -9.] [ 6. -9.] [ 6. -9.] [ 6. -9.] [ 6. -9.] [ 6. -8.] [ 6. -8.] [ 6. -8.] [ 6. -8.] [ 6. -7.] [ 7. -8.] [ 6. -7.] [ 6. -7.] [ 6. -6.] [ 6. -6.] [ 6. -6.] [ 6. -6.] [ 6. -5.] [ 6. -3.] [ 0.  0.]
[  8.  24.] [  6. -10.] [  6. -10.] [  6. -10.] [  6. -10.] [ 6. -9.] [ 6. -9.] [ 6. -9.] [ 6. -8.] [ 6. -9.] [  6. -10.] [ 6. -8.] [ 6. -8.] [ 6. -8.] [ 6. -8.] [ 6. -7.] [ 6. -8.] [  6. -14.] [ 6. -7.] [ 6. -6.] [ 6. -6.] [ 6. -6.] [ 6. -6.] [ 6. -5.] [ 7.  8.] [ 0.  0.]
[ 5.  0.] [ 6. -5.] [ 6. -8.] [  6. -18.] [  6. -25.] [  7. -13.] [ 7. -2.] [  7.  24.] [  7.  21.] [  7.  12.] [  6. -25.] [ 7. -8.] [ 7. -8.] [ 7. -8.] [ 7.  5.] [ 7. -7.] [ 7. -7.] [  6. -14.] [ 6. -7.] [ 10. -10.] [ 9. -3.] [ 10.  -9.] [ 10.  -6.] [ 10.  -8.] [ 10.   5.] [ 0.  0.]
[  7.  14.] [ 7.  1.] [ 7. -8.] [  7. -10.] [  7. -12.] [ 7. -9.] [ 7. -9.] [  7. -10.] [ 7. -9.] [ 7. -9.] [ 7.  0.] [ 7. -6.] [ 7. -8.] [ 7. -8.] [  7. -11.] [ 10. -11.] [ 10. -11.] [ 11. -10.] [ 11.  -9.] [ 12. -11.] [ 12. -11.] [ 12. -20.] [ 12. -10.] [ 12.  -9.] [ 11.  -9.] [ 0.  0.]
[ 6.  0.] [  7. -11.] [  7. -10.] [ 7. -9.] [ 7. -9.] [  7. -10.] [  7. -10.] [ 7. -9.] [ 7. -9.] [ 7. -9.] [ 7. -9.] [  8. -17.] [ 7. -8.] [ 8. -9.] [ 12. -13.] [ 12. -13.] [ 12. -11.] [ 13.  -2.] [ 13.  -4.] [ 12. -19.] [ 12. -25.] [ 12. -10.] [ 12. -10.] [ 12.  -9.] [ 13.  -4.] [ 0.  0.]
[ 7.  0.] [  7. -10.] [  7. -10.] [ 7. -9.] [ 7. -9.] [  7. -10.] [ 7. -9.] [  6. -10.] [ 7. -9.] [ 7. -9.] [ 7. -9.] [ 8. -8.] [  4. -15.] [ 13. -14.] [ 13. -14.] [ 13. -13.] [ 13. -13.] [ 13. -12.] [ 13. -12.] [ 13.  -8.] [ 13. -11.] [ 13. -10.] [ 13. -10.] [ 13.  -9.] [ 13.  -9.] [ 0.  0.]
[ 5.  0.] [  7. -10.] [  8. -10.] [  7. -10.] [ 15. -12.] [ 17. -20.] [ 16. -19.] [ 17.  -8.] [ 8. -9.] [ 10. -11.] [ 7. -9.] [ 8. -8.] [  7. -14.] [ 13. -14.] [ 13. -14.] [ 14. -13.] [ 14. -13.] [ 15. -13.] [ 13.  -9.] [ 12.  21.] [ 14.  18.] [ 15.  21.] [ 14.  -8.] [ 14. -10.] [ 13. -13.] [ 0.  0.]
[ 0.  0.] [  1. -13.] [ 17. -10.] [ 17. -22.] [ 18. -22.] [ 18. -21.] [ 18. -22.] [ 18. -21.] [ 18. -25.] [ 18. -21.] [ 18. -20.] [ 18. -20.] [ 19. -20.] [ 19. -19.] [ 14. -14.] [ 14. -12.] [ 12. -13.] [ 8. -6.] [ 8. -2.] [ 9.  5.] [ 10.   9.] [ 15.   9.] [ 15. -11.] [ 15. -10.] [ 16.  -7.] [ 0.  0.]
[ 12.   8.] [ 19.  -2.] [ 18. -22.] [ 18. -22.] [ 18. -22.] [ 18. -20.] [ 19. -22.] [ 19. -21.] [ 19. -21.] [ 19. -21.] [ 19. -20.] [ 19. -20.] [ 19. -19.] [ 19. -19.] [ 14. -14.] [ 14. -13.] [ 14. -13.] [ 5. -1.] [ 9. -7.] [ 16. -13.] [ 16. -12.] [ 16. -12.] [ 16. -11.] [ 16. -10.] [ 16. -10.] [ 0.  0.]
[ 16.   4.] [ 19. -15.] [ 18. -22.] [ 18. -22.] [ 19. -22.] [ 19. -22.] [ 20. -22.] [ 19. -21.] [ 19. -21.] [ 20. -21.] [ 20. -20.] [ 20. -20.] [ 19. -20.] [ 20. -19.] [ 15. -14.] [ 15. -13.] [ 11. -10.] [ 16. -13.] [ 16. -13.] [ 16. -13.] [ 16. -12.] [ 16. -12.] [ 16. -11.] [ 16. -10.] [ 16. -10.] [ 0.  0.]
[  3.  18.] [ 12.   2.] [ 18. -22.] [  1. -20.] [ 20. -22.] [ 20. -22.] [ 20. -21.] [ 20. -21.] [ 20. -21.] [ 20. -21.] [ 21. -20.] [ 20. -20.] [ 21. -20.] [ 21. -19.] [ 19. -19.] [ 15. -13.] [ 13.  -9.] [ 17. -14.] [ 17. -13.] [ 17. -13.] [ 17. -12.] [ 17. -12.] [ 17. -13.] [ 17. -10.] [ 17. -10.] [ 0.  0.]
[ 21.   0.] [ 20. -15.] [ 20. -23.] [ 20. -22.] [ 20. -22.] [ 20. -24.] [ 20. -25.] [ 21. -10.] [ 21.  -7.] [ 20. -25.] [ 21. -20.] [ 21. -20.] [ 21. -20.] [ 21. -19.] [ 21. -18.] [ 4. -8.] [ 1. -7.] [ 17. -14.] [ 17. -13.] [ 17. -13.] [ 16. -11.] [ 16. -11.] [ 16. -10.] [ 16. -10.] [ 17. -10.] [ 0.  0.]
[ 21.  23.] [ 20. -15.] [ 20. -22.] [ 21. -11.] [ 20. -25.] [ 21. -12.] [ 21. -16.] [ 22.   1.] [ 21. -22.] [ 21. -25.] [ 21. -21.] [ 21. -20.] [ 21. -20.] [ 22. -20.] [ 22. -18.] [ 22. -18.] [ 18. -14.] [ 18. -14.] [ 18. -14.] [ 17. -12.] [ 16. -12.] [ 16. -11.] [ 17. -10.] [ 16. -10.] [ 17. -10.] [ 0.  0.]
[  5.  12.] [ 21.  -1.] [ 20. -22.] [ 20. -22.] [ 21. -22.] [ 21. -22.] [ 21. -21.] [ 21. -24.] [ 22. -14.] [ 22. -18.] [ 22. -20.] [ 22. -20.] [ 22. -19.] [ 22. -19.] [ 22. -19.] [ 11. -16.] [ 18. -14.] [ 18. -14.] [ 18. -13.] [ 16. -12.] [ 17. -11.] [ 17. -11.] [ 17. -11.] [ 17. -10.] [ 17.  -9.] [ 0.  0.]
[  0.  11.] [ 6.  0.] [ 21. -22.] [ 21. -22.] [ 21. -22.] [ 21. -21.] [ 21. -20.] [ 22. -14.] [ 22. -19.] [ 22. -21.] [ 22. -21.] [ 22. -20.] [ 22. -18.] [ 22. -19.] [ 21. -19.] [ 24. -22.] [ 18. -14.] [ 18. -14.] [ 18. -13.] [ 17. -13.] [ 17. -11.] [ 17. -11.] [ 18. -11.] [ 17. -10.] [ 17.  -9.] [ 0.  0.]
[ 23.   0.] [ 22. -12.] [ 21. -22.] [ 21. -22.] [ 21. -22.] [ 22. -22.] [ 16. -18.] [ 16. -11.] [ 18. -18.] [ 22. -14.] [ 21. -21.] [ 23. -20.] [ 22. -20.] [ 23. -20.] [ 23. -19.] [ 23. -18.] [ 18. -14.] [ 19. -14.] [ 19. -13.] [ 19. -12.] [ 17. -12.] [ 17. -11.] [ 18. -11.] [ 18. -10.] [ 20. -11.] [ 0.  0.]
[ 24.   3.] [ 22. -15.] [ 23.  -5.] [ 22. -16.] [ 22. -19.] [ 22. -22.] [ 23. -22.] [ 23. -22.] [ 23. -22.] [ 23. -21.] [ 22. -19.] [ 23. -20.] [ 23. -20.] [ 23. -25.] [ 23. -19.] [ 23. -18.] [ 22. -11.] [ 19. -14.] [ 19. -13.] [ 19. -13.] [ 19. -12.] [ 19. -11.] [ 19. -11.] [ 19. -11.] [ 19. -11.] [ 0.  0.]
[ 21.   2.] [ 21. -15.] [ 21. -20.] [ 22. -19.] [ 21. -21.] [ 23. -22.] [ 23. -22.] [ 23. -22.] [ 23. -22.] [ 24. -21.] [ 24. -21.] [ 24. -19.] [ 23. -19.] [ 23. -16.] [ 23. -19.] [ 23. -18.] [ 19. -12.] [ 19. -13.] [ 19. -13.] [ 19. -13.] [ 19. -12.] [ 19. -13.] [ 19. -11.] [ 19. -11.] [ 19. -11.] [ 0.  0.]
[ 23.   1.] [ 23.   4.] [ 23.   0.] [ 21. -18.] [ 22. -22.] [ 16. -19.] [ 23. -22.] [ 24. -22.] [ 24. -21.] [ 24. -21.] [ 24. -21.] [ 19. -15.] [ 17. -13.] [ 17. -11.] [ 17. -11.] [ 17. -12.] [ 17. -11.] [ 18. -13.] [ 19. -13.] [ 19. -13.] [ 20. -13.] [ 20. -12.] [ 20. -11.] [ 20. -11.] [ 20. -11.] [ 0.  0.]
[ 9.  0.] [  9. -15.] [ 9. -7.] [  9. -15.] [  1. -20.] [  9. -21.] [  7.  11.] [  7.  15.] [ 9. -1.] [  1. -16.] [  4. -25.] [  9. -15.] [  9. -24.] [  9. -16.] [  9.  23.] [ 1. -8.] [  1. -25.] [  1. -11.] [  9. -12.] [  9. -25.] [ 10. -25.] [ 5.  5.] [  5. -12.] [  6.  22.] [ 10.   6.] [ 0.  0.]
[ 0.  0.] [ 0.  0.] [ 0.  0.] [ 0.  0.] [ 0.  0.] [ 0.  0.] [ 0.  0.] [ 0.  0.] [ 0.  0.] [ 0.  0.] [ 0.  0.] [ 0.  0.] [ 0.  0.] [ 0.  0.] [ 0.  0.] [ 0.  0.] [ 0.  0.] [ 0.  0.] [ 0.  0.] [ 0.  0.] [ 0.  0.] [ 0.  0.] [ 0.  0.] [ 0.  0.] [ 0.  0.] [ 0.  0.]
