[ 0.  0.] [  0.  24.] [  0.  24.] [  5. -10.] [  0.  24.] [  0.  25.] [  0.  22.] [  0.  14.] [  0.  17.] [  0.  19.] [  0.  21.] [  0.  25.] [ 0.  8.] [ 0.  9.] [ 6. -8.] [ 4. -8.] [ 5. -8.] [ 5. -8.] [ 5. -8.] [  0.  44.] [  0.  39.] [  0.  42.] [  0.  41.] [  0.  25.] [  0.  38.] [  0.  41.] [ 0.  2.] [ 0.  8.] [ 0.  0.] [  0.  29.] [ 4. -5.] [ 4. -5.] [ 0.  4.] [  0.  11.] [ 0.  0.] [ 0.  0.]
[  0.  32.] [  8. -10.] [  5. -10.] [  5. -10.] [ 5. -9.] [  1.  25.] [ 5. -9.] [ 5. -9.] [ 5. -9.] [ 5. -9.] [ 5. -9.] [ 5. -9.] [ 5. -9.] [ 5. -9.] [ 4. -8.] [ 4. -8.] [ 4. -8.] [ 5. -8.] [ 5. -8.] [ 5. -8.] [ 4. -8.] [ 5. -7.] [ 5. -8.] [ 4. -6.] [ 5. -9.] [  5.  31.] [ 5. -6.] [ 5. -6.] [ 5. -5.] [ 5. -5.] [ 5. -5.] [ 5. -5.] [ 4. -5.] [ 5. -3.] [ 4. -4.] [ 0.  0.]
[ 9.  0.] [  5. -10.] [  5. -10.] [ 5. -9.] [ 5. -9.] [ 5. -9.] [ 5. -9.] [ 5. -9.] [ 5. -9.] [ 5. -9.] [ 5. -9.] [ 5. -9.] [ 5. -9.] [ 5. -8.] [ 5. -8.] [ 5. -8.] [ 5. -8.] [ 5. -8.] [ 5. -8.] [ 5. -8.] [ 5. -7.] [ 5. -7.] [ 5. -7.] [ 1.  7.] [ 4. -5.] [ 5. -6.] [ 5. -6.] [ 5. -6.] [ 6. -6.] [  7.  41.] [ 6.  4.] [ 5. -4.] [  2.  22.] [ 6. -2.] [  6. -46.] [ 0.  0.]
[ 0.  0.] [  5. -10.] [ 5. -9.] [ 5. -9.] [ 5. -9.] [  5. -10.] [ 5. -6.] [ 5. -9.] [ 5. -9.] [ 5.  4.] [ 5. -9.] [ 5. -9.] [ 5. -9.] [ 5. -8.] [ 5. -8.] [ 5. -8.] [ 5. -8.] [ 5. -8.] [  6.  45.] [  6.  49.] [ 5. -7.] [ 5. -7.] [ 5. -7.] [ 5. -5.] [ 5. -8.] [ 5. -6.] [ 5. -6.] [ 5. -6.] [ 5. -5.] [ 5. -2.] [ 5. -2.] [ 5. -3.] [ 5. -3.] [ 5. -3.] [  4. -24.] [ 0.  0.]
[ 49.  42.] [  6. -10.] [  5. -10.] [  6. -10.] [  6. -10.] [  6. -10.] [ 6. -9.] [ 5. -9.] [ 5. -9.] [ 5. -9.] [  6. -10.] [ 5. -8.] [ 5. -9.] [ 4. -9.] [ 6. -8.] [ 6. -8.] [ 5. -8.] [ 5. -8.] [ 5. -8.] [ 1. -3.] [ 6. -8.] [ 5. -6.] [ 5. -7.] [ 5. -7.] [ 5. -7.] [ 6. -6.] [ 5. -6.] [ 5. -6.] [ 10. -16.] [ 5. -6.] [ 5. -5.] [ 5. -5.] [ 5. -4.] [ 5. -4.] [ 5. -4.] [ 0.  0.]
[ 34.   7.] [  6. -10.] [  6. -10.] [  6. -10.] [  6. -10.] [  6. -10.] [  6. -10.] [ 6. -9.] [ 5. -9.] [ 6. -9.] [ 6. -9.] [ 6. -9.] [ 6. -9.] [ 6. -9.] [ 1. -8.] [ 5. -8.] [ 6. -8.] [ 6. -8.] [ 6. -8.] [ 7. -8.] [ 5. -7.] [ 6. -7.] [ 6. -7.] [ 6. -7.] [ 6. -6.] [ 5. -6.] [ 4.  1.] [ 2. -2.] [ 2. -6.] [ 5. -6.] [ 6. -6.] [ 6. -5.] [ 5. -5.] [ 5. -5.] [ 5. -4.] [ 0.  0.]
[ 31.  25.] [  6. -10.] [  6. -10.] [  6. -10.] [  6. -10.] [  6. -10.] [  6. -10.] [ 6. -9.] [  6. -10.] [ 6. -9.] [ 6. -9.] [ 6. -9.] [ 6. -9.] [ 6. -8.] [ 4. -9.] [ 6. -8.] [ 6. -8.] [ 6. -8.] [ 5. -8.] [ 6. -8.] [ 7. -8.] [ 7. -8.] [ 7. -8.] [ 6. -7.] [  5. -11.] [ 6. -7.] [ 6. -6.] [ 5.  0.] [ 4. -5.] [ 6. -6.] [ 6. -6.] [ 6. -5.] [ 6. -5.] [ 6. -5.] [ 6. -5.] [ 0.  0.]
[ 24.  25.] [  6. -10.] [  6. -10.] [  6. -10.] [  6. -10.] [  6. -10.] [  6. -10.] [ 6. -9.] [ 6. -9.] [ 6. -9.] [ 6. -9.] [ 6. -9.] [ 6. -9.] [ 6. -5.] [ 6. -9.] [ 6. -8.] [ 6. -8.] [ 6. -8.] [  7.  49.] [ 6. -8.] [ 6. -8.] [ 7. -8.] [ 7. -8.] [ 6. -4.] [ 6. -7.] [ 5. -6.] [ 6. -6.] [ 6. -4.] [ 6. -8.] [ 6. -6.] [ 6. -6.] [ 6. -5.] [ 6. -5.] [ 6. -2.] [ 6.  0.] [ 0.  0.]
[ 13.  24.] [  6. -10.] [  6. -10.] [  6. -10.] [  6. -10.] [  6. -10.] [ 6. -4.] [  6. -10.] [ 6. -9.] [ 6. -9.] [ 6. -9.] [  6. -10.] [ 6. -9.] [ 6. -5.] [  6. -10.] [ 6. -8.] [ 6. -8.] [ 6. -8.] [ 6. -8.] [ 6. -8.] [ 6. -8.] [ 6. -7.] [ 6. -4.] [ 6. -7.] [ 6. -7.] [ 6. -7.] [ 6. -6.] [ 6. -6.] [ 6. -6.] [ 6. -6.] [ 6. -6.] [ 6. -5.] [ 6. -5.] [ 6. -5.] [ 6. -6.] [ 0.  0.]
[  4.  47.] [  6.  11.] [  6. -10.] [  6. -10.] [ 6. -9.] [  7.  12.] [  6. -24.] [  7.  49.] [  7.  49.] [  7.  44.] [  7.  30.] [  7.  23.] [  7.  12.] [ 7.  5.] [  6. -49.] [ 7. -8.] [ 7. -8.] [ 7. -8.] [  7.  16.] [  7.  11.] [  7.  18.] [  7.  14.] [  6. -27.] [  6. -27.] [ 6. -7.] [ 7. -7.] [ 6. -6.] [ 6. -6.] [ 6. -6.] [ 6. -6.] [ 6. -7.] [ 6. -6.] [ 6. -6.] [ 6. -5.] [ 6. -4.] [ 0.  0.]
[ 42.  48.] [ 6. -1.] [ 6. -7.] [ 7. -3.] [ 7. -4.] [  7. -17.] [  8. -23.] [  7. -22.] [  8. -31.] [  6. -46.] [  9. -40.] [  6. -34.] [  6. -45.] [  6. -22.] [  6. -30.] [ 7. -8.] [ 7. -8.] [ 7. -8.] [ 7. -8.] [ 7.  1.] [ 7. -6.] [ 7. -7.] [ 7. -7.] [  6. -34.] [ 9. -5.] [ 10.  -9.] [ 10. -10.] [ 11. -28.] [ 10. -10.] [ 10.  -9.] [ 12.  40.] [ 12.  30.] [ 14.  22.] [ 12.  10.] [ 12.   0.] [ 0.  0.]
[ 40.  49.] [ 6. -8.] [ 5. -9.] [ 6. -8.] [  7. -10.] [  7. -10.] [  7. -12.] [ 7. -9.] [ 7. -9.] [ 6. -9.] [  7. -10.] [ 7. -9.] [ 7. -9.] [ 7. -9.] [ 7.  0.] [  8.  33.] [ 7. -8.] [ 7. -8.] [ 7. -8.] [ 7. -7.] [  5.  21.] [ 10. -11.] [ 10. -11.] [ 11. -10.] [ 11.  -7.] [ 11.  -9.] [ 12. -11.] [ 12. -11.] [ 11.   2.] [ 12. -22.] [ 12. -24.] [ 12. -29.] [ 12. -38.] [ 11.  -8.] [ 11. -16.] [ 0.  0.]
[  6.  31.] [  7. -10.] [  7. -11.] [  7. -11.] [  7. -10.] [  7. -10.] [ 7. -9.] [  7. -10.] [  7. -10.] [ 7. -9.] [ 8. -8.] [ 7. -9.] [ 7. -9.] [ 7. -9.] [ 7. -9.] [ 6. -8.] [ 8. -8.] [ 7. -8.] [ 7. -8.] [ 12. -13.] [ 12. -13.] [ 12. -13.] [ 12. -11.] [ 12. -15.] [ 12. -17.] [ 12. -13.] [ 12. -11.] [ 12. -11.] [ 12. -15.] [ 12. -10.] [ 12. -10.] [ 12.  -9.] [ 12.  -9.] [ 12. -10.] [ 11. -15.] [ 0.  0.]
[ 11.  49.] [  7. -10.] [  7. -10.] [  7. -10.] [ 7. -9.] [  8. -11.] [ 7. -9.] [ 7. -9.] [  7. -10.] [ 8. -8.] [  6. -10.] [ 7. -9.] [ 7. -9.] [ 7. -9.] [ 9. -9.] [  9. -15.] [  8. -25.] [ 7. -8.] [ 13. -14.] [ 13. -14.] [ 13. -13.] [ 13. -13.] [ 13. -12.] [ 12. -10.] [ 13. -12.] [ 13. -12.] [ 13.   7.] [ 12. -29.] [ 12. -40.] [ 12. -10.] [ 12. -10.] [ 13.  -4.] [ 12.  -9.] [ 13.  -6.] [ 13.  -5.] [ 0.  0.]
[ 19.  49.] [  7. -10.] [  7. -10.] [  7. -10.] [ 7. -9.] [  8. -10.] [ 7. -9.] [  7. -10.] [ 7. -9.] [  6. -10.] [ 8. -9.] [ 7. -9.] [ 7. -8.] [ 8. -9.] [ 8. -8.] [ 8. -8.] [ 8. -8.] [ 13. -14.] [ 13. -14.] [ 13. -14.] [ 13. -13.] [ 13. -13.] [ 13. -13.] [ 13. -13.] [ 13. -12.] [ 13. -11.] [ 13.  -4.] [ 13. -11.] [ 13. -11.] [ 13. -10.] [ 13. -10.] [ 13.  -9.] [ 13.  -9.] [ 13.  -9.] [ 13.  -8.] [ 0.  0.]
[ 49.  21.] [  7. -10.] [  7. -10.] [  7. -10.] [ 7. -9.] [  8. -10.] [ 16. -12.] [ 17. -20.] [ 20.  -7.] [ 19. -10.] [ 8. -9.] [ 8. -9.] [ 8. -8.] [ 7. -9.] [ 8. -9.] [ 9. -9.] [ 7. -8.] [  9. -14.] [ 13. -14.] [ 13. -14.] [ 13. -14.] [ 15. -12.] [ 13. -11.] [ 14. -13.] [ 13. -12.] [ 16. -18.] [ 14. -14.] [ 14. -12.] [ 14. -11.] [ 14.  -9.] [ 14.  -8.] [ 13.  -9.] [ 14.  -7.] [ 13. -14.] [ 12. -21.] [ 0.  0.]
[ 35.  22.] [  7. -10.] [  7. -10.] [  9. -11.] [  7. -11.] [ 16. -16.] [ 17. -21.] [ 17. -21.] [ 18. -21.] [ 17. -19.] [ 18. -23.] [ 18.  -6.] [ 18. -16.] [ 18. -25.] [ 18. -20.] [ 18. -20.] [ 18. -18.] [ 18. -19.] [ 18. -19.] [ 14. -14.] [ 13. -14.] [ 13. -11.] [ 13. -12.] [ 14. -13.] [ 8. -1.] [ 10.  29.] [ 11.  24.] [ 18.  34.] [ 23.  44.] [ 15.  11.] [ 14.  -3.] [ 14.  -7.] [ 13. -15.] [ 14.  -7.] [ 14.  -8.] [ 0.  0.]
[ 38.  16.] [ 18.   4.] [ 17.  -8.] [ 17. -16.] [ 17. -23.] [ 18. -22.] [ 18. -22.] [ 18. -22.] [ 18. -21.] [ 18. -22.] [ 19. -10.] [ 18. -33.] [ 19. -21.] [ 19. -20.] [ 19. -20.] [ 19. -20.] [ 19. -19.] [ 19. -19.] [ 19. -19.] [ 14. -14.] [ 13. -14.] [ 14. -12.] [ 14. -11.] [ 14. -13.] [ 8. -5.] [ 9. -8.] [  8.  15.] [ 14. -32.] [ 16. -12.] [ 15. -11.] [ 15. -11.] [ 15. -11.] [ 15. -10.] [ 15. -11.] [ 10. -25.] [ 0.  0.]
[ 12.   8.] [ 19.  -2.] [ 18. -22.] [ 18. -22.] [ 18. -22.] [ 18. -22.] [ 18. -22.] [ 18. -20.] [ 19. -22.] [ 19. -21.] [ 19. -21.] [ 19. -21.] [ 19. -21.] [ 19. -21.] [ 19. -20.] [ 19. -20.] [ 19. -20.] [ 19. -19.] [ 19. -19.] [ 14. -14.] [ 14. -13.] [ 14. -14.] [ 14. -13.] [ 8. -8.] [ 6. -2.] [ 15. -13.] [ 16. -13.] [ 16. -12.] [ 16. -12.] [ 16. -12.] [ 16. -11.] [ 16. -11.] [ 16. -10.] [ 16. -10.] [ 16.  -9.] [ 0.  0.]
[ 17.   1.] [ 26.  -9.] [ 19. -22.] [ 18. -22.] [ 17. -22.] [ 18. -22.] [ 19. -22.] [ 20. -21.] [ 19. -21.] [ 20. -22.] [ 19. -21.] [ 19. -21.] [ 19. -21.] [ 19. -21.] [ 19. -20.] [ 20. -20.] [ 20. -19.] [ 20. -19.] [ 20. -19.] [ 20. -19.] [ 15. -13.] [ 15. -13.] [ 14. -12.] [ 8. -7.] [ 16. -13.] [ 16. -13.] [ 16. -13.] [ 16. -12.] [ 16. -12.] [ 16. -12.] [ 16. -11.] [ 16. -11.] [ 16. -10.] [ 16. -10.] [ 16. -10.] [ 0.  0.]
[ 15.   6.] [ 1.  8.] [ 18. -22.] [ 18. -22.] [  9. -21.] [ 18. -22.] [ 18. -22.] [ 20. -22.] [ 20. -22.] [ 20. -21.] [ 19. -21.] [ 19. -21.] [ 20. -21.] [ 20. -21.] [ 20. -20.] [ 20. -20.] [ 20. -20.] [ 19. -19.] [ 20. -18.] [ 20. -19.] [ 15. -14.] [ 15. -13.] [ 9. -9.] [ 13. -11.] [ 17. -13.] [ 17. -13.] [ 17. -14.] [ 17. -12.] [ 17. -12.] [ 19. -17.] [ 18. -23.] [ 16. -16.] [ 17. -10.] [ 17. -10.] [ 17. -10.] [ 0.  0.]
[ 15.  33.] [ 16.   7.] [ 18. -21.] [ 19. -22.] [ 19. -22.] [ 20. -22.] [ 20. -20.] [ 20. -22.] [ 20. -22.] [ 20. -21.] [ 20. -21.] [ 20. -24.] [ 20. -21.] [ 20. -21.] [ 20. -21.] [ 20. -20.] [ 21. -21.] [ 21. -19.] [ 21. -19.] [ 19. -19.] [ 24. -17.] [  9. -10.] [ 13. -10.] [ 17. -14.] [ 17. -14.] [ 17. -13.] [ 17. -13.] [ 17. -13.] [ 18. -14.] [ 17. -12.] [ 17. -13.] [ 17. -10.] [ 16. -12.] [  7. -31.] [ 17. -10.] [ 0.  0.]
[ 21.   0.] [ 21.  -7.] [ 19. -22.] [ 20. -23.] [ 20. -22.] [ 20. -22.] [ 20. -23.] [ 20. -24.] [ 20. -26.] [ 20. -29.] [ 21. -12.] [ 21. -14.] [ 20. -31.] [ 21. -20.] [ 20. -20.] [ 21. -20.] [ 21. -20.] [ 21. -20.] [ 21. -19.] [ 21. -19.] [ 21. -18.] [ 6. -8.] [ 14.  39.] [ 17. -14.] [ 17. -13.] [ 17. -13.] [ 17. -13.] [ 17. -12.] [ 16. -11.] [ 16. -11.] [ 17.  -9.] [ 16. -10.] [ 17. -10.] [ 16. -11.] [ 10. -15.] [ 0.  0.]
[ 36.   0.] [ 45.  27.] [ 20. -22.] [ 20. -22.] [ 20. -22.] [ 23.  25.] [ 19. -40.] [ 20. -30.] [ 20. -31.] [ 21. -15.] [ 22.   2.] [ 21. -22.] [ 21. -24.] [ 21. -21.] [ 21. -21.] [ 21. -20.] [ 21. -24.] [ 21. -20.] [ 22. -20.] [ 22. -18.] [ 22. -18.] [ 2. -9.] [ 18. -14.] [ 17. -14.] [ 18. -13.] [ 18. -14.] [ 18. -13.] [ 17. -12.] [ 16. -11.] [ 16. -10.] [ 17. -10.] [ 12. -39.] [ 17. -10.] [ 20.  -8.] [ 19.  -9.] [ 0.  0.]
[ 49.  49.] [ 29.   1.] [ 20. -22.] [ 20. -22.] [ 20. -23.] [ 20. -23.] [ 20. -28.] [ 20. -31.] [ 21. -20.] [ 21. -20.] [ 21. -20.] [ 21. -23.] [ 21. -25.] [ 20. -49.] [ 22.  -5.] [ 22. -11.] [ 22. -15.] [ 22. -16.] [ 22. -18.] [ 22. -19.] [ 22. -18.] [ 24. -13.] [ 18. -14.] [ 18. -14.] [ 18. -14.] [ 19. -11.] [ 16. -12.] [ 17. -12.] [ 17. -11.] [ 17. -11.] [ 17. -11.] [ 17. -10.] [ 17. -10.] [ 17.  -9.] [ 16. -10.] [ 0.  0.]
[  3.  12.] [ 1.  7.] [ 18. -22.] [ 20. -22.] [ 21. -22.] [ 21. -22.] [ 22. -22.] [ 21. -22.] [ 21. -21.] [ 22. -25.] [ 21. -27.] [ 22. -12.] [ 22. -16.] [ 22. -19.] [ 22. -20.] [ 22. -20.] [ 22. -20.] [ 22. -19.] [ 22. -19.] [ 22. -19.] [ 22. -18.] [ 16. -14.] [ 18. -14.] [ 18. -14.] [ 18. -13.] [ 18. -13.] [ 19. -13.] [ 17. -12.] [ 17. -11.] [ 18. -11.] [ 18. -11.] [ 17. -10.] [ 17. -10.] [ 17.  -9.] [ 14. -10.] [ 0.  0.]
[  2.  49.] [ 5.  1.] [ 22. -22.] [ 22. -22.] [ 21. -22.] [ 21. -22.] [ 21. -22.] [ 21. -21.] [ 21. -21.] [ 22. -13.] [ 22. -14.] [ 22. -18.] [ 22. -21.] [ 22. -22.] [ 22. -21.] [ 22. -20.] [ 21. -20.] [ 22. -19.] [ 22. -19.] [ 22. -19.] [ 18. -18.] [ 18. -14.] [ 18. -14.] [ 18. -14.] [ 18. -13.] [ 18. -13.] [ 16. -13.] [ 16. -10.] [ 17. -11.] [ 18. -11.] [ 18. -11.] [ 17. -10.] [ 17. -10.] [ 18. -10.] [ 15.  -9.] [ 0.  0.]
[ 23.   1.] [ 22. -10.] [ 21. -22.] [ 21. -22.] [ 21. -22.] [ 21. -25.] [ 21. -22.] [ 22. -22.] [ 19. -19.] [ 19. -18.] [ 18. -18.] [ 20. -24.] [ 19. -25.] [ 18. -33.] [ 23. -20.] [ 22. -21.] [ 23. -20.] [ 21. -25.] [ 19. -31.] [ 23. -19.] [ 22. -19.] [ 33. -15.] [ 18. -14.] [ 18. -14.] [ 19. -14.] [ 19. -13.] [ 17. -13.] [ 18. -12.] [ 17. -11.] [ 18. -11.] [ 18. -11.] [ 17. -10.] [ 18. -10.] [ 17.  -9.] [ 19. -10.] [ 0.  0.]
[ 23.   0.] [ 22. -11.] [ 21. -22.] [ 23.  -2.] [ 22. -15.] [ 21. -27.] [ 22. -22.] [ 22. -22.] [ 11. -18.] [ 16. -18.] [ 25. -34.] [ 23. -22.] [ 22. -12.] [ 21. -15.] [  9. -39.] [ 23. -20.] [ 23. -20.] [ 23. -19.] [ 23. -19.] [ 23. -19.] [ 23. -18.] [ 23. -18.] [ 17. -14.] [ 19. -14.] [ 19. -13.] [ 19. -13.] [ 23. -10.] [ 19. -12.] [ 18. -12.] [ 18. -11.] [ 18. -10.] [ 18. -11.] [ 19. -11.] [ 19. -11.] [ 19. -10.] [ 0.  0.]
[ 27.  39.] [ 23.  -7.] [ 24.   1.] [ 23.  -7.] [ 22. -21.] [ 21. -29.] [ 20. -42.] [ 22. -22.] [ 23. -22.] [ 23. -22.] [ 23. -22.] [ 23. -22.] [ 23. -21.] [ 23. -21.] [ 19. -19.] [ 23. -20.] [ 23. -21.] [ 23. -23.] [ 23. -28.] [ 22. -48.] [ 24. -19.] [ 23. -18.] [ 20. -12.] [ 19. -14.] [ 19. -14.] [ 19. -13.] [ 19. -13.] [ 19. -12.] [ 19. -12.] [ 19. -11.] [ 19. -11.] [ 19. -11.] [ 19. -11.] [ 19. -10.] [ 19. -10.] [ 0.  0.]
[ 25.  43.] [ 21.  -8.] [ 21. -18.] [ 22. -16.] [ 21. -31.] [ 21. -26.] [ 22. -22.] [ 23. -22.] [ 23. -22.] [ 23. -22.] [ 23. -22.] [ 23. -22.] [ 24. -21.] [ 24. -21.] [ 23. -20.] [ 25. -18.] [ 23. -19.] [ 23. -19.] [ 23. -16.] [ 23. -19.] [ 23. -17.] [ 15. -13.] [ 33. -14.] [ 17. -14.] [ 19. -13.] [ 19. -13.] [ 19. -13.] [ 19. -13.] [ 19. -13.] [ 19. -13.] [ 19. -11.] [ 19. -12.] [ 19. -11.] [ 19. -11.] [ 19. -10.] [ 0.  0.]
[ 15.   6.] [ 19.  17.] [ 20.  10.] [ 23. -30.] [ 22. -18.] [ 17. -32.] [ 23. -22.] [ 28. -24.] [ 25. -23.] [ 23. -21.] [ 23. -22.] [ 24. -21.] [ 24. -21.] [ 24. -21.] [ 24. -21.] [ 24. -18.] [ 22. -18.] [ 20. -16.] [ 20. -12.] [ 20. -19.] [ 19. -13.] [ 15. -11.] [ 16. -10.] [ 21. -10.] [ 19. -13.] [ 19. -13.] [ 19. -13.] [ 19. -12.] [ 19. -12.] [ 20. -12.] [ 20. -12.] [ 19. -11.] [ 17. -12.] [ 20. -11.] [ 20. -10.] [ 0.  0.]
[ 21.   0.] [ 7.  0.] [ 21. -16.] [ 19. -26.] [ 21. -12.] [ 18. -41.] [ 12. -19.] [ 14. -20.] [ 21. -21.] [ 18. -11.] [ 1. -8.] [ 17. -43.] [ 22. -22.] [ 21. -22.] [  9. -30.] [ 19. -15.] [ 17. -13.] [ 17. -13.] [ 17. -15.] [ 17. -13.] [ 17. -11.] [ 17. -11.] [ 17. -12.] [ 17. -12.] [ 18. -13.] [ 19. -12.] [ 20. -12.] [ 20. -12.] [ 20. -12.] [ 20. -12.] [ 20. -12.] [ 20. -11.] [ 20. -11.] [ 20. -10.] [ 20. -10.] [ 0.  0.]
[ 10.   0.] [ 10. -11.] [ 10. -22.] [  6. -33.] [  5. -41.] [  1. -40.] [  1. -20.] [  8.  49.] [ 10.  25.] [  3. -17.] [  7. -35.] [  0.  36.] [  8.  38.] [ 7. -5.] [  2. -25.] [  1. -11.] [ 10. -20.] [ 10. -28.] [ 10.  49.] [ 10.  28.] [ 10.   0.] [  1. -29.] [  1. -50.] [ 10. -27.] [  4. -10.] [  8. -13.] [  8. -23.] [ 10. -28.] [ 11. -28.] [  8.  36.] [ 6. -5.] [  7.  22.] [  3.  19.] [  8. -50.] [ 8. -3.] [ 0.  0.]
[  0.  32.] [  0.  11.] [ 0.  0.] [ 0.  0.] [ 0.  0.] [  0.  10.] [  0.  49.] [  0.  35.] [  0.  28.] [ 0.  3.] [  0.  16.] [  0.  36.] [  0.  38.] [ 0.  0.] [ 0.  0.] [ 0.  0.] [ 0.  0.] [  0.  49.] [  0.  45.] [ 0.  6.] [ 0.  0.] [ 0.  0.] [  0.  49.] [  0.  39.] [  0.  28.] [  0.  17.] [  0.  14.] [ 0.  9.] [ 0.  0.] [  0.  16.] [ 0.  5.] [  0.  33.] [  0.  22.] [  0.  11.] [ 0.  0.] [ 0.  0.]
[ 0.  0.] [ 0.  0.] [ 0.  0.] [ 0.  0.] [ 0.  0.] [ 0.  0.] [ 0.  0.] [ 0.  0.] [ 0.  0.] [ 0.  0.] [ 0.  0.] [ 0.  0.] [ 0.  0.] [ 0.  0.] [ 0.  0.] [ 0.  0.] [ 0.  0.] [ 0.  0.] [ 0.  0.] [ 0.  0.] [ 0.  0.] [ 0.  0.] [ 0.  0.] [ 0.  0.] [ 0.  0.] [ 0.  0.] [ 0.  0.] [ 0.  0.] [ 0.  0.] [ 0.  0.] [ 0.  0.] [ 0.  0.] [ 0.  0.] [ 0.  0.] [ 0.  0.] [ 0.  0.]
