[  0.  25.] [  5. -10.] [  0.  25.] [ 5. -9.] [ 5. -9.] [ 5. -9.] [ 5. -9.] [ 4. -8.] [ 4. -8.] [ 5. -8.] [  0.  45.] [ 5. -7.] [  0.  31.] [  0.  24.] [ 0.  3.] [ 5. -5.] [ 4. -5.] [ 4. -4.] [ 0.  0.]
[  2.  49.] [  5. -10.] [ 5. -9.] [ 5. -9.] [ 5. -9.] [ 5. -9.] [ 5. -9.] [ 5. -8.] [ 5. -8.] [ 5. -8.] [ 5. -7.] [ 5. -7.] [ 5. -6.] [ 5. -6.] [ 5. -6.] [ 5. -5.] [ 5. -3.] [ 5. -3.] [ 0.  0.]
[ 37.  10.] [  6. -10.] [  6. -10.] [  6. -10.] [ 5. -9.] [ 6. -9.] [ 6. -9.] [ 6. -8.] [ 5. -8.] [ 5. -8.] [ 5. -7.] [ 5. -7.] [ 5. -7.] [ 5. -6.] [ 5. -6.] [ 5. -5.] [ 5. -5.] [ 5. -5.] [ 0.  0.]
[ 16.  11.] [  6. -10.] [  6. -10.] [  6. -10.] [ 6. -9.] [ 6. -9.] [ 6. -9.] [ 5. -9.] [ 6. -8.] [ 6. -8.] [ 6. -8.] [ 7. -8.] [ 6. -7.] [ 6. -7.] [ 6. -2.] [ 6. -6.] [ 6. -5.] [ 6. -5.] [ 0.  0.]
[  6.  43.] [  6. -10.] [  6. -10.] [  6. -10.] [ 6. -9.] [ 6. -9.] [ 6. -9.] [ 6. -9.] [ 6. -8.] [ 6. -8.] [ 6. -8.] [ 6. -7.] [ 6. -7.] [ 7. -7.] [ 6. -6.] [ 6. -6.] [ 6. -5.] [ 6. -3.] [ 0.  0.]
[ 42.  49.] [ 6. -5.] [ 7. -4.] [  7. -10.] [ 7. -9.] [  7. -10.] [ 7.  6.] [  6. -41.] [ 7. -8.] [ 7. -8.] [ 7. -5.] [ 8. -7.] [ 9. -4.] [ 10.  -9.] [ 10.  -7.] [ 10.  -8.] [ 11.  21.] [ 11.   1.] [ 0.  0.]
[ 7.  0.] [  7. -10.] [  7. -10.] [ 7. -9.] [  7. -10.] [ 7. -9.] [ 7. -9.] [ 7. -9.] [ 7. -8.] [ 7. -8.] [ 12. -13.] [ 12. -12.] [ 12. -15.] [ 12. -11.] [ 12. -11.] [ 12. -10.] [ 12.  -9.] [ 12.  -9.] [ 0.  0.]
[ 12.  49.] [  7. -10.] [  7. -10.] [ 7. -9.] [  7. -10.] [ 8. -9.] [ 7. -9.] [ 8. -9.] [ 7. -9.] [ 13. -14.] [ 13. -14.] [ 13. -13.] [ 13. -12.] [ 13. -12.] [ 13. -11.] [ 13. -10.] [ 13.  -9.] [ 13.  -9.] [ 0.  0.]
[ 36.  15.] [  7. -10.] [  7. -10.] [ 17. -19.] [ 17. -19.] [ 18.  -7.] [ 18. -19.] [ 18. -20.] [ 18. -20.] [ 18. -19.] [ 14. -14.] [ 13. -12.] [ 14. -13.] [ 9.  1.] [ 11.  14.] [ 15.  10.] [ 14.  -9.] [ 14.  -7.] [ 0.  0.]
[ 18.   0.] [ 18. -21.] [ 18. -22.] [ 18. -22.] [ 18. -21.] [ 19. -21.] [ 19. -21.] [ 19. -20.] [ 19. -20.] [ 19. -19.] [ 14. -14.] [ 14. -13.] [ 7. -5.] [ 9. -8.] [ 16. -12.] [ 16. -11.] [ 16. -11.] [ 16. -10.] [ 0.  0.]
[ 16.   5.] [ 17. -21.] [ 18. -22.] [ 19. -22.] [ 20. -22.] [ 19. -21.] [ 20. -21.] [ 20. -20.] [ 20. -20.] [ 20. -19.] [ 15. -13.] [ 15. -13.] [ 16. -13.] [ 16. -13.] [ 17. -12.] [ 16. -12.] [ 17. -11.] [ 16. -10.] [ 0.  0.]
[  0.  11.] [ 19. -21.] [ 20. -22.] [ 20. -22.] [ 20. -22.] [ 20. -21.] [ 20. -21.] [ 21. -20.] [ 21. -20.] [ 21. -19.] [ 21. -18.] [ 7. -9.] [ 17. -14.] [ 17. -13.] [ 17. -12.] [ 16. -11.] [ 17. -10.] [ 17. -10.] [ 0.  0.]
[ 25.  41.] [ 20. -21.] [ 20. -23.] [ 20. -28.] [ 20. -31.] [ 21. -18.] [ 21. -23.] [ 21. -21.] [ 21. -20.] [ 22. -19.] [ 22. -18.] [ 1. -9.] [ 18. -14.] [ 18. -13.] [ 17. -12.] [ 17. -11.] [ 17. -10.] [ 17. -10.] [ 0.  0.]
[ 21.  49.] [ 19. -21.] [ 21. -22.] [ 21. -22.] [ 21. -21.] [ 22. -14.] [ 22. -19.] [ 22. -20.] [ 22. -20.] [ 22. -19.] [ 22. -19.] [ 18. -14.] [ 18. -14.] [ 18. -13.] [ 17. -12.] [ 18. -11.] [ 17. -10.] [ 17.  -9.] [ 0.  0.]
[ 23.   0.] [ 21. -21.] [ 21. -22.] [ 21. -22.] [ 20. -20.] [ 18. -19.] [ 19. -26.] [ 23. -20.] [ 23. -20.] [ 23. -20.] [ 23. -19.] [ 18. -14.] [ 19. -14.] [ 19. -13.] [ 18. -12.] [ 17. -11.] [ 17. -10.] [ 18. -10.] [ 0.  0.]
[ 24.   1.] [ 22. -17.] [ 22. -16.] [ 22. -22.] [ 23. -22.] [ 23. -22.] [ 23. -22.] [ 23. -20.] [ 23. -20.] [ 23. -21.] [ 23. -19.] [ 16. -14.] [ 19. -13.] [ 19. -13.] [ 19. -12.] [ 19. -11.] [ 19. -11.] [ 19. -11.] [ 0.  0.]
[ 18.  14.] [ 23.   2.] [ 20. -27.] [ 23. -22.] [ 23. -22.] [ 23. -22.] [ 24. -21.] [ 24. -21.] [ 22. -18.] [ 20. -16.] [ 23. -16.] [ 16. -10.] [ 19. -13.] [ 19. -13.] [ 20. -12.] [ 20. -12.] [ 20. -11.] [ 20. -11.] [ 0.  0.]
[ 6.  0.] [  6. -21.] [  4. -19.] [  6. -21.] [  4. -14.] [ 0.  4.] [  4. -23.] [  1. -16.] [  6. -18.] [  6.  49.] [ 6.  4.] [  1. -21.] [  1. -14.] [  6. -27.] [  2. -41.] [  6. -45.] [  6.  22.] [ 7.  7.] [ 0.  0.]
[ 0.  0.] [ 0.  0.] [ 0.  0.] [ 0.  0.] [ 0.  0.] [ 0.  0.] [ 0.  0.] [ 0.  0.] [ 0.  0.] [ 0.  0.] [ 0.  0.] [ 0.  0.] [ 0.  0.] [ 0.  0.] [ 0.  0.] [ 0.  0.] [ 0.  0.] [ 0.  0.] [ 0.  0.]
